c6 56
00 77
00 00
00 00
8f f7
67 4f
00 00
00 00
4a 95
f9 00
00 00
00 00
00 00
00 00
00 00
00 00
2b 5b
e2 55
00 00
00 00
ff 50
3a c6
00 00
00 00
12 0b
7d f6
00 00
00 00
00 00
00 00
00 00
00 00
7f cd
4f 36
00 00
00 00
b2 ab
45 fd
00 00
00 00
03 7b
96 f0
00 00
00 00
00 00
00 00
00 00
00 00
dd 48
c6 2a
00 00
00 00
48 d2
4e 39
00 00
00 00
00 41
03 a2
00 00
00 00
00 00
00 00
00 00
00 00
04 73
d8 ec
00 00
00 00
79 01
95 03
00 00
00 00
a2 6e
19 00
00 00
00 00
00 00
00 00
00 00
00 00
2d 94
30 2e
00 00
00 00
cd d3
ca e1
00 00
00 00
00 d0
a1 cd
00 00
00 00
00 00
00 00
00 00
00 00
fd 92
70 d9
00 00
00 00
cd 74
3c cc
00 00
00 00
56 47
67 25
00 00
00 00
00 00
00 00
00 00
00 00
77 97
23 74
00 00
00 00
14 03
bc be
00 00
00 00
30 91
0a f9
00 00
00 00
00 00
00 00
00 00
00 00
95 d4
00 f8
00 00
00 00
eb 36
77 22
00 00
00 00
62 6a
7e 86
00 00
00 00
00 00
00 00
00 00
00 00
6e fe
32 90
00 00
00 00
06 2b
fd 4c
00 00
00 00
91 77
c6 01
00 00
00 00
00 00
00 00
00 00
00 00
24 cc
57 fc
00 00
00 00
02 63
f1 03
00 00
00 00
7a 4c
b4 13
00 00
00 00
00 00
00 00
00 00
00 00
00 2e
42 17
00 00
00 00
5c be
1a 9a
00 00
00 00
5f c9
0b 32
00 00
00 00
00 00
00 00
00 00
00 00
8f 8e
90 f9
00 00
00 00
2c 5c
34 46
00 00
00 00
a4 33
e9 1c
00 00
00 00
00 00
00 00
00 00
00 00
a2 14
00 d8
00 00
00 00
b8 28
48 c2
00 00
00 00
01 98
ce ce
00 00
00 00
00 00
00 00
00 00
00 00
e1 a1
38 05
00 00
00 00
7a 00
c8 5a
00 00
00 00
7b 00
d7 1e
00 00
00 00
00 00
00 00
00 00
00 00
d6 f1
3b 4d
00 00
00 00
c0 f1
49 18
00 00
00 00
dd 1b
41 a7
00 00
00 00
00 00
00 00
00 00
00 00
84 6d
d1 07
00 00
00 00
7b 08
df 86
00 00
00 00
db d8
17 68
00 00
00 00
00 00
00 00
00 00
00 00
f7 7b
f8 01
00 00
00 00
f5 26
c7 3a
00 00
00 00
33 b9
ff ba
00 00
00 00
00 00
00 00
00 00
00 00
84 24
18 c3
00 00
00 00
3c 1d
56 12
00 00
00 00
ff fe
28 98
00 00
00 00
00 00
00 00
00 00
00 00
bd fc
42 42
00 00
00 00
b7 c0
d8 2d
00 00
00 00
c5 a6
fd 9b
00 00
00 00
00 00
00 00
00 00
00 00
ec 21
02 e8
00 00
00 00
06 98
bb 81
00 00
00 00
16 ec
3e 02
00 00
00 00
00 00
00 00
00 00
00 00
b3 c0
81 9d
00 00
00 00
7b b1
19 0d
00 00
00 00
b0 e6
2d 6e
00 00
00 00
00 00
00 00
00 00
00 00
c0 d0
f6 01
00 00
00 00
00 34
06 44
00 00
00 00
04 03
4c be
00 00
00 00
00 00
00 00
00 00
00 00
b2 8d
89 ea
00 00
00 00
6b 00
dc f8
00 00
00 00
a6 02
48 8f
00 00
00 00
00 00
00 00
00 00
00 00
00 b2
52 29
00 00
00 00
49 42
01 94
00 00
00 00
62 1f
bc e0
00 00
00 00
00 00
00 00
00 00
00 00
24 e7
bf eb
00 00
00 00
f2 00
9c f8
00 00
00 00
31 3c
c4 7b
00 00
00 00
00 00
00 00
00 00
00 00
41 0e
7a 14
00 00
00 00
f3 54
41 3c
00 00
00 00
12 f9
ae 2f
00 00
00 00
00 00
00 00
00 00
00 00
d1 49
d2 89
00 00
00 00
8a 49
8a 83
00 00
00 00
c2 e5
24 bd
00 00
00 00
00 00
00 00
00 00
00 00
4c 75
e6 08
00 00
00 00
dd a8
1d 3a
00 00
00 00
b3 5c
02 01
00 00
00 00
00 00
00 00
00 00
00 00
4f fe
a5 47
00 00
00 00
3f f5
a6 fe
00 00
00 00
49 01
9d 24
00 00
00 00
00 00
00 00
00 00
00 00
37 c3
ab 25
00 00
00 00
ca 58
1d 65
00 00
00 00
b8 a7
87 01
00 00
00 00
00 00
00 00
00 00
00 00
48 06
19 5e
00 00
00 00
90 93
5b 01
00 00
00 00
82 a9
d1 00
00 00
00 00
00 00
00 00
00 00
00 00
fd b1
36 50
00 00
00 00
d1 fa
ef 02
00 00
00 00
7c bc
7b 06
00 00
00 00
00 00
00 00
00 00
00 00
7a 27
85 33
00 00
00 00
00 0d
3d f3
00 00
00 00
eb 77
bf fe
00 00
00 00
00 00
00 00
00 00
00 00
51 b4
26 b3
00 00
00 00
fa 00
ba a7
00 00
00 00
77 6c
00 cc
00 00
00 00
00 00
00 00
00 00
00 00
33 79
9d 98
00 00
00 00
19 01
c7 c3
00 00
00 00
4c fa
12 55
00 00
00 00
00 00
00 00
00 00
00 00
e0 c0
e4 86
00 00
00 00
b7 09
8e e2
00 00
00 00
53 20
8b 26
00 00
00 00
00 00
00 00
00 00
00 00
0d 01
fe 2b
00 00
00 00
bf 3a
d6 35
00 00
00 00
cb b3
8e 92
00 00
00 00
00 00
00 00
00 00
00 00
ec 0f
f6 0b
00 00
00 00
eb f4
0a aa
00 00
00 00
a3 65
df 5d
00 00
00 00
00 00
00 00
00 00
00 00
dc 68
ff a6
00 00
00 00
91 4f
01 06
00 00
00 00
47 00
b2 ab
00 00
00 00
00 00
00 00
00 00
00 00
01 32
5e 15
00 00
00 00
f9 ff
54 19
00 00
00 00
c2 05
28 d3
00 00
00 00
00 00
00 00
00 00
00 00
2b aa
79 35
00 00
00 00
7b 32
c6 92
00 00
00 00
a6 54
26 21
00 00
00 00
00 00
00 00
00 00
00 00
d6 7f
82 a9
00 00
00 00
03 1a
9c eb
00 00
00 00
c2 0b
2a fe
00 00
00 00
00 00
00 00
00 00
00 00
1a 16
34 e2
00 00
00 00
78 d8
2a 16
00 00
00 00
3a 95
d1 0e
00 00
00 00
00 00
00 00
00 00
00 00
c7 a2
36 20
00 00
00 00
df 3e
db de
00 00
00 00
c6 01
27 85
00 00
00 00
00 00
00 00
00 00
00 00
1e 0c
58 eb
00 00
00 00
e7 58
27 a4
00 00
00 00
f0 fb
d1 e5
00 00
00 00
00 00
00 00
00 00
00 00
8a 46
15 9f
00 00
00 00
79 de
01 26
00 00
00 00
b9 5d
c5 75
00 00
00 00
00 00
00 00
00 00
00 00
fe 01
36 6b
00 00
00 00
5e d4
43 92
00 00
00 00
fd ec
c2 b9
00 00
00 00
00 00
00 00
00 00
00 00
dc dd
45 bc
00 00
00 00
99 e6
29 78
00 00
00 00
8b e2
0c 0d
00 00
00 00
00 00
00 00
00 00
00 00
b5 29
94 24
00 00
00 00
28 63
17 3c
00 00
00 00
88 6e
37 17
00 00
00 00
00 00
00 00
00 00
00 00
00 00
00 00
00 00
00 00
00 00
00 00
00 00
00 00
00 00
00 00
00 00
00 00
00 00
00 00
00 00
00 00
00 00
00 00
00 00
00 00
00 00
00 00
00 00
00 00
00 00
00 00
00 00
00 00
00 00
00 00
00 00
00 00
00 00
00 00
00 00
00 00
00 00
00 00
00 00
00 00
00 00
00 00
00 00
00 00
00 00
00 00
00 00
00 00
00 00
00 00
00 00
00 00
00 00
00 00
00 00
00 00
00 00
00 00
00 00
00 00
00 00
00 00
00 00
00 00
00 00
00 00
00 00
00 00
00 00
00 00
00 00
00 00
00 00
00 00
00 00
00 00
00 00
00 00
00 00
00 00
00 00
00 00
00 00
00 00
00 00
00 00
00 00
00 00
00 00
00 00
00 00
00 00
00 00
00 00
00 00
00 00
00 00
00 00
00 00
00 00
00 00
00 00
00 00
00 00
00 00
00 00
00 00
00 00
00 00
00 00
00 00
00 00
00 00
00 00
00 00
00 00
00 00
00 00
00 00
00 00
00 00
00 00
00 00
00 00
00 00
00 00
00 00
00 00
00 00
00 00
00 00
00 00
00 00
00 00
00 00
00 00
00 00
00 00
00 00
00 00
00 00
00 00
00 00
00 00
00 00
00 00
00 00
00 00
00 00
00 00
00 00
00 00
00 00
00 00
00 00
00 00
00 00
00 00
00 00
00 00
00 00
00 00
00 00
00 00
00 00
00 00
00 00
00 00
00 00
00 00
00 00
00 00
00 00
00 00
00 00
00 00
00 00
00 00
00 00
00 00
00 00
00 00
00 00
00 00
00 00
00 00
00 00
00 00
00 00
00 00
00 00
00 00
00 00
00 00
00 00
00 00
00 00
00 00
00 00
00 00
00 00
00 00
00 00
00 00
00 00
00 00
00 00
00 00
00 00
00 00
00 00
00 00
00 00
00 00
00 00
00 00
00 00
00 00
00 00
00 00
00 00
00 00
00 00
00 00
14 7f
99 96
00 00
c6 0f
53 4d
00 00
00 00
00 00
00 00
00 00
00 00
00 00
00 00
00 00
00 00
00 00
00 00
00 00
00 00
00 00
00 00
00 00
00 00
00 00
00 00
00 00
00 00
00 00
00 00
00 00
00 00
00 00
00 00
00 00
00 00
00 00
00 00
00 00
00 00
00 00
00 00
00 00
00 00
00 00
00 00
00 00
00 00
00 00
00 00
00 00
00 00
00 00
00 00
00 00
00 00
00 00
00 00
00 00
00 00
00 00
00 00
00 00
00 00
00 00
00 00
00 00
00 00
00 00
00 00
00 00
00 00
00 00
00 00
00 00
00 00
00 00
00 00
00 00
00 00
00 00
00 00
00 00
00 00
00 00
00 00
00 00
00 00
00 00
00 00
00 00
00 00
00 00
00 00
00 00
00 00
00 00
00 00
00 00
00 00
00 00
00 00
00 00
00 00
00 00
00 00
00 00
00 00
00 00
00 00
00 00
00 00
00 00
00 00
00 00
00 00
00 00
00 00
00 00
00 00
00 00
00 00
00 00
00 00
00 00
00 00
00 00
00 00
00 00
00 00
00 00
00 00
00 00
00 00
00 00
00 00
00 00
00 00
00 00
00 00
00 00
00 00
00 00
00 00
00 00
00 00
00 00
00 00
00 00
00 00
00 00
00 00
00 00
00 00
00 00
00 00
00 00
00 00
00 00
00 00
00 00
00 00
00 00
00 00
00 00
00 00
00 00
00 00
00 00
00 00
00 00
00 00
00 00
00 00
00 00
00 00
00 00
00 00
00 00
00 00
00 00
00 00
00 00
00 00
00 00
00 00
00 00
00 00
00 00
00 00
00 00
00 00
00 00
00 00
00 00
00 00
00 00
00 00
00 00
00 00
00 00
00 00
00 00
00 00
00 00
00 00
00 00
00 00
00 00
00 00
00 00
00 00
00 00
00 00
00 00
00 00
00 00
00 00
00 00
00 00
00 00
00 00
00 00
00 00
00 00
00 00
00 00
00 00
00 00
00 00
00 00
00 00
00 00
00 00
00 00
00 00
00 00
00 00
00 00
00 00
00 00
00 00
00 00
00 00
00 00
00 00
00 00
00 00
00 00
00 00
00 00
00 00
00 00
00 00
00 00
00 00
00 00
00 00
00 00
00 00
00 00
00 00
00 00
00 00
00 00
00 00
00 00
00 00
00 00
00 00
00 00
00 00
00 00
00 00
00 00
00 00
00 00
00 00
00 00
00 00
00 00
00 00
00 00
00 00
00 00
00 00
00 00
00 00
00 00
00 00
00 00
00 00
00 00
00 00
00 00
00 00
00 00
00 00
00 00
00 00
00 00
00 00
00 00
00 00
00 00
00 00
00 00
00 00
00 00
00 00
00 00
00 00
00 00
00 00
00 00
00 00
00 00
00 00
00 00
00 00
00 00
00 00
00 00
00 00
00 00
00 00
00 00
00 00
00 00
00 00
00 00
00 00
00 00
00 00
00 00
00 00
00 00
00 00
00 00
00 00
00 00
00 00
00 00
00 00
00 00
00 00
00 00
00 00
00 00
00 00
00 00
00 00
00 00
00 00
00 00
00 00
00 00
00 00
00 00
00 00
00 00
00 00
00 00
00 00
00 00
00 00
00 00
00 00
00 00
00 00
00 00
00 00
00 00
00 00
00 00
00 00
00 00
00 00
00 00
00 00
00 00
00 00
00 00
00 00
00 00
00 00
00 00
00 00
00 00
00 00
00 00
00 00
00 00
00 00
00 00
00 00
00 00
00 00
00 00
00 00
00 00
00 00
00 00
00 00
00 00
00 00
00 00
00 00
00 00
00 00
00 00
00 00
00 00
00 00
00 00
00 00
00 00
00 00
00 00
00 00
00 00
00 00
00 00
00 00
00 00
00 00
00 00
00 00
00 00
00 00
00 00
00 00
00 00
00 00
00 00
00 00
00 00
00 00
00 00
00 00
00 00
00 00
00 00
00 00
00 00
00 00
00 00
00 00
00 00
00 00
00 00
00 00
00 00
00 00
00 00
00 00
00 00
00 00
00 00
00 00
00 00
00 00
00 00
00 00
00 00
00 00
00 00
00 00
00 00
00 00
00 00
00 00
00 00
00 00
00 00
00 00
00 00
00 00
00 00
00 00
00 00
00 00
00 00
00 00
00 00
00 00
00 00
00 00
00 00
00 00
00 00
00 00
00 00
00 00
00 00
00 00
00 00
00 00
00 00
00 00
00 00
00 00
00 00
00 00
00 00
00 00
00 00
00 00
00 00
00 00
00 00
00 00
00 00
00 00
00 00
00 00
00 00
00 00
00 00
00 00
00 00
00 00
00 00
00 00
00 00
00 00
00 00
00 00
00 00
00 00
00 00
00 00
00 00
00 00
00 00
00 00
00 00
00 00
00 00
00 00
00 00
00 00
00 00
00 00
00 00
00 00
00 00
00 00
00 00
00 00
00 00
00 00
00 00
00 00
00 00
00 00
00 00
00 00
00 00
00 00
00 00
00 00
00 00
00 00
00 00
00 00
00 00
00 00
00 00
00 00
00 00
00 00
00 00
00 00
00 00
00 00
00 00
00 00
00 00
00 00
00 00
00 00
00 00
00 00
00 00
00 00
00 00
00 00
00 00
00 00
00 00
00 00
00 00
00 00
00 00
00 00
00 00
00 00
00 00
00 00
00 00
00 00
00 00
00 00
00 00
00 00
00 00
00 00
00 00
00 00
00 00
00 00
00 00
00 00
00 00
00 00
00 00
00 00
00 00
00 00
00 00
00 00
00 00
00 00
00 00
00 00
00 00
00 00
00 00
00 00
00 00
00 00
00 00
00 00
00 00
00 00
00 00
00 00
00 00
00 00
00 00
00 00
00 00
00 00
00 00
00 00
00 00
00 00
00 00
00 00
00 00
00 00
00 00
00 00
00 00
00 00
00 00
00 00
00 00
00 00
00 00
00 00
00 00
00 00
00 00
00 00
00 00
00 00
00 00
00 00
00 00
00 00
00 00
00 00
00 00
00 00
00 00
00 00
00 00
00 00
00 00
00 00
00 00
00 00
00 00
00 00
00 00
00 00
00 00
00 00
00 00
00 00
00 00
00 00
00 00
00 00
00 00
00 00
00 00
00 00
00 00
00 00
00 00
00 00
00 00
00 00
00 00
00 00
00 00
00 00
00 00
00 00
00 00
00 00
00 00
00 00
00 00
00 00
00 00
00 00
00 00
00 00
00 00
00 00
00 00
00 00
00 00
00 00
00 00
00 00
00 00
00 00
00 00
00 00
00 00
00 00
00 00
00 00
00 00
00 00
00 00
00 00
00 00
00 00
00 00
00 00
00 00
00 00
00 00
00 00
00 00
00 00
00 00
00 00
00 00
00 00
00 00
00 00
00 00
00 00
00 00
00 00
00 00
00 00
00 00
00 00
00 00
00 00
00 00
00 00
00 00
00 00
00 00
00 00
00 00
00 00
00 00
00 00
00 00
00 00
00 00
00 00
00 00
00 00
00 00
00 00
00 00
00 00
00 00
00 00
00 00
00 00
00 00
00 00
00 00
00 00
00 00
00 00
00 00
00 00
00 00
00 00
00 00
00 00
00 00
00 00
00 00
00 00
00 00
00 00
00 00
00 00
00 00
00 00
00 00
00 00
00 00
00 00
00 00
00 00
00 00
00 00
00 00
00 00
00 00
00 00
00 00
00 00
00 00
00 00
00 00
00 00
00 00
00 00
00 00
00 00
00 00
00 00
00 00
00 00
00 00
00 00
00 00
00 00
00 00
00 00
00 00
00 00
00 00
00 00
00 00
00 00
00 00
00 00
00 00
00 00
00 00
00 00
00 00
00 00
00 00
00 00
00 00
00 00
00 00
00 00
00 00
00 00
00 00
00 00
00 00
00 00
00 00
00 00
00 00
00 00
00 00
00 00
00 00
00 00
00 00
00 00
00 00
00 00
00 00
00 00
00 00
00 00
00 00
00 00
00 00
00 00
00 00
00 00
00 00
00 00
00 00
00 00
00 00
00 00
00 00
00 00
00 00
00 00
00 00
00 00
00 00
00 00
00 00
00 00
00 00
00 00
00 00
00 00
00 00
00 00
00 00
00 00
00 00
00 00
00 00
00 00
00 00
00 00
00 00
00 00
00 00
00 00
00 00
00 00
00 00
00 00
00 00
00 00
00 00
00 00
00 00
00 00
00 00
00 00
00 00
00 00
00 00
00 00
00 00
00 00
00 00
00 00
00 00
00 00
00 00
00 00
00 00
00 00
00 00
00 00
00 00
00 00
00 00
00 00
00 00
00 00
00 00
00 00
00 00
00 00
00 00
00 00
00 00
00 00
00 00
00 00
00 00
00 00
00 00
00 00
00 00
00 00
00 00
00 00
00 00
00 00
00 00
00 00
00 00
00 00
00 00
00 00
00 00
00 00
00 00
00 00
00 00
00 00
00 00
00 00
00 00
00 00
00 00
00 00
00 00
00 00
00 00
00 00
00 00
00 00
00 00
00 00
00 00
00 00
00 00
00 00
00 00
00 00
00 00
00 00
00 00
00 00
00 00
00 00
00 00
00 00
00 00
00 00
00 00
46 a8
1c c8
00 00
00 91
43 ed
00 00
fe 2c
e8 d7
00 00
7f a4
ae 4f
00 00
89 08
4c c3
00 00
1b 40
60 6a
00 00
05 0b
2c f1
00 00
ed 38
b0 a2
00 00
d5 46
02 93
00 00
cd 25
c4 69
00 00
7b 79
72 00
00 00
00 3c
77 ac
00 00
02 96
aa f2
00 00
00 db
00 fb
00 00
03 bb
06 e8
00 00
7b 07
ff a5
00 00
00 00
00 00
00 00
00 00
00 00
00 00
00 00
00 00
00 00
00 00
00 00
00 00
00 00
00 00
00 00
00 00
00 00
00 00
00 00
00 00
00 00
00 00
00 00
00 00
00 00
00 00
00 00
00 00
00 00
00 00
00 00
00 00
00 00
00 00
00 00
00 00
00 00
00 00
00 00
00 00
00 00
00 00
00 00
00 00
00 00
00 00
00 00
00 00
00 00
00 00
00 00
00 00
00 00
00 00
00 00
00 00
00 00
00 00
00 00
00 00
00 00
00 00
00 00
00 00
00 00
00 00
00 00
00 00
00 00
00 00
00 00
00 00
00 00
00 00
00 00
00 00
00 00
00 00
00 00
00 00
00 00
00 00
00 00
00 00
00 00
00 00
00 00
00 00
00 00
00 00
00 00
00 00
00 00
00 00
00 00
00 00
00 00
00 00
00 00
00 00
00 00
00 00
00 00
00 00
00 00
00 00
00 00
00 00
00 00
00 00
00 00
00 00
00 00
00 00
00 00
00 00
00 00
00 00
00 00
00 00
00 00
00 00
00 00
00 00
00 00
00 00
00 00
00 00
00 00
00 00
00 00
00 00
00 00
00 00
00 00
00 00
00 00
00 00
00 00
00 00
00 00
00 00
00 00
00 00
00 00
00 00
00 00
00 00
00 00
00 00
00 00
00 00
00 00
00 00
00 00
00 00
00 00
00 00
00 00
00 00
00 00
00 00
00 00
00 00
00 00
00 00
00 00
00 00
00 00
00 00
00 00
00 00
00 00
00 00
00 00
00 00
00 00
00 00
00 00
00 00
00 00
00 00
00 00
00 00
00 00
00 00
00 00
00 00
00 00
00 00
00 00
00 00
00 00
00 00
00 00
00 00
00 00
00 00
00 00
00 00
00 00
00 00
00 00
00 00
00 00
00 00
00 00
00 00
00 00
00 00
00 00
00 00
00 00
00 00
00 00
00 00
00 00
00 00
00 00
00 00
00 00
00 00
00 00
00 00
00 00
00 00
00 00
00 00
00 00
00 00
00 00
00 00
00 00
00 00
00 00
00 00
00 00
00 00
00 00
00 00
00 00
00 00
00 00
00 00
00 00
00 00
00 00
00 00
00 00
00 00
00 00
00 00
00 00
00 00
00 00
00 00
00 00
00 00
00 00
00 00
00 00
00 00
00 00
00 00
00 00
00 00
00 00
00 00
00 00
00 00
00 00
00 00
00 00
00 00
00 00
00 00
00 00
00 00
00 00
00 00
00 00
00 00
00 00
00 00
00 00
00 00
00 00
00 00
00 00
00 00
00 00
00 00
00 00
00 00
00 00
00 00
00 00
00 00
00 00
00 00
00 00
00 00
00 00
00 00
00 00
00 00
00 00
00 00
00 00
00 00
00 00
00 00
00 00
00 00
00 00
00 00
00 00
00 00
00 00
00 00
00 00
00 00
00 00
00 00
00 00
00 00
00 00
00 00
00 00
00 00
00 00
00 00
00 00
00 00
00 00
00 00
00 00
00 00
00 00
00 00
00 00
00 00
00 00
00 00
00 00
00 00
00 00
00 00
00 00
00 00
00 00
00 00
00 00
00 00
00 00
00 00
00 00
00 00
00 00
00 00
00 00
00 00
00 00
00 00
00 00
00 00
00 00
00 00
00 00
00 00
00 00
00 00
00 00
00 00
00 00
00 00
00 00
00 00
00 00
00 00
00 00
00 00
00 00
00 00
00 00
00 00
00 00
00 00
00 00
00 00
00 00
00 00
00 00
00 00
00 00
00 00
00 00
00 00
00 00
00 00
00 00
00 00
00 00
00 00
00 00
00 00
00 00
00 00
00 00
00 00
00 00
00 00
00 00
00 00
00 00
00 00
00 00
00 00
00 00
00 00
00 00
00 00
00 00
00 00
00 00
00 00
00 00
00 00
00 00
00 00
00 00
00 00
00 00
00 00
00 00
00 00
00 00
00 00
00 00
00 00
00 00
00 00
00 00
00 00
00 00
00 00
00 00
00 00
00 00
00 00
00 00
00 00
00 00
00 00
00 00
00 00
00 00
00 00
00 00
00 00
00 00
00 00
00 00
00 00
00 00
00 00
00 00
00 00
00 00
00 00
00 00
00 00
00 00
00 00
00 00
00 00
00 00
00 00
00 00
00 00
00 00
00 00
00 00
00 00
00 00
00 00
00 00
00 00
00 00
00 00
00 00
00 00
00 00
00 00
00 00
00 00
00 00
00 00
00 00
00 00
00 00
00 00
00 00
00 00
00 00
00 00
00 00
00 00
00 00
00 00
00 00
00 00
00 00
00 00
00 00
00 00
00 00
00 00
00 00
00 00
00 00
00 00
00 00
00 00
00 00
00 00
00 00
00 00
00 00
00 00
00 00
00 00
00 00
00 00
00 00
00 00
00 00
00 00
00 00
00 00
00 00
00 00
00 00
00 00
00 00
00 00
00 00
00 00
00 00
00 00
00 00
00 00
00 00
00 00
00 00
00 00
00 00
00 00
00 00
00 00
00 00
00 00
00 00
00 00
00 00
00 00
00 00
00 00
00 00
00 00
00 00
00 00
00 00
00 00
00 00
00 00
00 00
00 00
00 00
00 00
00 00
00 00
00 00
00 00
00 00
00 00
00 00
00 00
00 00
00 00
00 00
00 00
00 00
00 00
00 00
00 00
00 00
00 00
00 00
00 00
00 00
00 00
00 00
00 00
00 00
00 00
00 00
00 00
00 00
00 00
00 00
00 00
00 00
00 00
00 00
00 00
00 00
00 00
00 00
00 00
00 00
00 00
00 00
00 00
00 00
00 00
00 00
00 00
00 00
00 00
00 00
00 00
00 00
00 00
00 00
00 00
00 00
00 00
00 00
00 00
00 00
00 00
00 00
00 00
00 00
00 00
00 00
00 00
00 00
00 00
00 00
00 00
00 00
00 00
00 00
00 00
00 00
00 00
00 00
00 00
00 00
00 00
00 00
00 00
00 00
00 00
00 00
00 00
00 00
00 00
00 00
00 00
00 00
00 00
00 00
00 00
00 00
00 00
00 00
00 00
00 00
00 00
00 00
00 00
00 00
00 00
00 00
00 00
00 00
00 00
00 00
00 00
00 00
00 00
00 00
00 00
00 00
00 00
00 00
00 00
00 00
00 00
00 00
00 00
00 00
00 00
00 00
00 00
00 00
00 00
00 00
00 00
00 00
00 00
00 00
00 00
00 00
00 00
00 00
00 00
00 00
00 00
00 00
00 00
00 00
00 00
00 00
00 00
00 00
00 00
00 00
00 00
00 00
00 00
00 00
00 00
00 00
00 00
00 00
00 00
00 00
00 00
00 00
00 00
00 00
00 00
00 00
00 00
00 00
00 00
00 00
00 00
00 00
00 00
00 00
00 00
00 00
00 00
00 00
00 00
00 00
00 00
00 00
00 00
00 00
00 00
00 00
00 00
00 00
00 00
00 00
00 00
00 00
00 00
00 00
00 00
00 00
00 00
00 00
00 00
00 00
00 00
00 00
00 00
00 00
00 00
00 00
00 00
00 00
00 00
00 00
00 00
00 00
00 00
00 00
00 00
00 00
00 00
00 00
00 00
00 00
00 00
00 00
00 00
00 00
00 00
00 00
00 00
00 00
00 00
00 00
00 00
00 00
00 00
00 00
00 00
00 00
00 00
00 00
00 00
00 00
00 00
00 00
00 00
00 00
00 00
00 00
00 00
00 00
00 00
00 00
00 00
00 00
00 00
00 00
00 00
00 00
00 00
00 00
00 00
00 00
00 00
00 00
00 00
00 00
00 00
00 00
00 00
00 00
00 00
00 00
00 00
00 00
00 00
00 00
00 00
00 00
00 00
00 00
00 00
00 00
00 00
00 00
00 00
00 00
00 00
00 00
00 00
00 00
00 00
00 00
00 00
00 00
00 00
00 00
00 00
00 00
00 00
00 00
00 00
00 00
00 00
00 00
00 00
00 00
00 00
00 00
00 00
00 00
00 00
00 00
00 00
00 00
00 00
00 00
00 00
00 00
00 00
00 00
00 00
00 00
00 00
00 00
00 00
00 00
00 00
00 00
00 00
00 00
00 00
00 00
00 00
00 00
00 00
00 00
00 00
00 00
00 00
00 00
00 00
00 00
00 00
00 00
00 00
00 00
00 00
00 00
00 00
00 00
00 00
00 00
00 00
00 00
00 00
00 00
00 00
00 00
00 00
00 00
00 00
00 00
00 00
00 00
00 00
00 00
00 00
00 00
00 00
00 00
00 00
00 00
00 00
00 00
00 00
00 00
00 00
00 00
00 00
00 00
00 00
00 00
00 00
00 00
00 00
00 00
00 00
00 00
00 00
00 00
00 00
00 00
00 00
00 00
00 00
00 00
00 00
c3 5a
78 3f
38 8c
33 02
00 b2
05 87
04 ff
33 e6
97 f8
52 9d
84 10
f6 9c
d5 fe
d3 6e
f8 a6
fa 81
cb d6
4c a0
f8 f9
08 02
f8 07
fc ba
8c 01
0c d3
04 fd
f0 62
8b 00
a0 64
1c 13
08 76
fb fb
3d 47
ae c2
cf 7c
00 4e
67 02
00 5c
03 71
f8 6f
2f f2
fe bd
62 00
ac 05
fd f5
37 ff
01 02
8b 3e
6c ca
af 5e
5a 00
f8 eb
44 f8
1b f3
f6 08
e6 02
a6 23
fe c2
e0 8f
4c 00
01 ef
52 ce
5f b7
97 00
05 22
e5 08
ff 19
2c e0
9c 1e
f8 4c
1f 9a
8a 56
c0 00
33 50
12 6d
ea 8c
8e 51
71 d8
38 09
b2 00
d3 f9
87 08
cd c9
fa 02
99 ff
2d ff
ff fb
fa 02
2d 04
d0 49
00 12
0c bb
01 00
4e f9
4f 2b
de 04
00 2d
4a 01
f7 55
4c f8
dd bb
db fc
08 24
19 00
7b d7
ad 38
cc 20
06 9c
3f 42
2f 66
ea 04
ca 25
b5 2b
e1 04
9c c1
fa fa
08 9f
00 07
37 22
b8 ec
1f fd
92 00
98 c9
9a f9
98 f7
09 dd
f8 3d
8c f3
f4 f9
ff 02
00 72
ee fb
01 ed
6d 27
69 fa
6d c1
01 06
55 fb
de e0
38 00
26 5d
97 af
08 55
08 06
00 fb
00 e3
69 88
ff 06
e2 b2
72 5c
fd 6a
00 bc
f8 fe
95 a4
02 fa
e1 f8
ff c2
04 12
03 2d
ec b3
57 c1
c6 01
08 04
83 fa
cd 0c
77 23
fa 5d
d7 af
2c 01
04 13
dd 03
51 25
51 fe
07 16
6a 07
db fe
ea 08
21 02
e1 00
67 f9
e7 63
ea 1e
0e 7c
fe 08
47 c9
00 e8
e0 f8
19 fe
09 37
70 54
02 74
49 fc
8d 29
08 8b
07 c7
a1 fa
08 08
60 02
fe 08
a5 08
49 9e
91 2a
fb 1b
25 05
78 50
54 76
f7 00
02 02
00 00
47 24
f8 d9
03 fc
01 8d
f2 d3
00 82
10 d4
ed 8c
a3 2e
e7 00
04 09
fe 08
06 fe
00 03
02 3e
77 ff
b8 ba
fd 5c
2a bf
1e 88
0e f8
ff 00
bd bb
01 01
62 00
50 cf
c9 4d
ce e7
a3 bc
05 5f
1e 02
16 00
da 50
07 06
f8 05
9c b7
eb 04
fd de
ff be
ac 06
53 7b
f8 f9
0f fa
b0 ff
00 69
1c e0
4e f8
e7 5c
53 05
dc d0
fa fe
1d fa
fe be
e7 14
08 52
8a c3
4b 00
0d fe
14 09
f8 bc
fa aa
f3 f0
f8 50
a3 a4
64 2f
37 f9
0b c5
9a 05
75 46
ff fd
38 f7
fd 06
c6 52
e5 4a
31 03
fe 55
99 05
e4 fe
f8 07
99 43
f8 f9
f9 05
fc 79
fa 52
fe a6
f9 21
74 36
51 fa
b3 eb
06 22
3b 1b
02 02
9f 81
72 01
02 a1
39 52
00 3f
69 02
36 89
f8 03
1d 76
00 5b
01 5e
01 df
73 f8
0b b1
00 78
f8 4c
15 b8
08 fb
01 67
4f fc
b8 03
98 f8
94 e2
22 f8
1b 56
1f 1d
ad cf
5b f8
24 06
fb 06
b4 5a
0f ed
d4 b2
fc 60
00 fe
81 a2
79 96
0e 5a
5a 6c
00 30
a7 f7
0d 08
17 32
f8 d2
08 fc
ea 08
27 54
7b 02
92 06
d8 07
7e 02
a1 9b
b5 f9
08 07
ff 7e
89 0e
b5 59
75 a3
f9 aa
f8 4f
fc 00
ae 4b
ec 13
5f ac
0f 3d
ae 01
5e b5
af fa
28 00
6a f7
ac 0f
13 f8
fe 02
be ff
1a 52
36 d5
01 4d
00 3d
24 66
f7 04
97 05
58 7d
27 ff
c2 0f
a0 7d
00 ed
08 f8
70 02
09 00
fe 3a
09 01
00 d6
02 3e
c9 33
01 95
f8 4d
fc 05
09 00
c4 00
f0 ee
0c 02
05 70
30 fe
f8 08
a5 35
e0 00
fa 01
e4 26
2f e4
fa 2d
9c 9e
ec 09
6a 00
a3 fc
03 6c
4e f8
00 2a
0b f0
fe 08
02 f8
76 57
03 fc
5f c2
ff 35
82 1c
09 05
01 fa
9b 89
af fc
cb 81
8b 62
c0 7e
00 00
00 00
00 00
00 00
00 00
00 00
00 00
00 00
00 00
00 00
00 00
00 00
00 00
00 00
00 00
00 00
00 00
00 00
00 00
00 00
00 00
00 00
00 00
00 00
00 00
00 00
00 00
00 00
00 00
00 00
00 00
00 00
00 00
00 00
00 00
00 00
00 00
00 00
00 00
00 00
00 00
00 00
00 00
00 00
00 00
00 00
00 00
00 00
00 00
00 00
00 00
00 00
00 00
00 00
00 00
00 00
00 00
00 00
00 00
00 00
00 00
00 00
00 00
00 00
00 00
00 00
00 00
00 00
00 00
00 00
00 00
00 00
00 00
00 00
00 00
00 00
00 00
00 00
00 00
00 00
00 00
00 00
00 00
00 00
00 00
00 00
00 00
00 00
00 00
00 00
00 00
00 00
00 00
00 00
00 00
00 00
00 00
00 00
00 00
00 00
00 00
00 00
00 00
00 00
00 00
00 00
00 00
00 00
00 00
00 00
00 00
00 00
00 00
00 00
00 00
00 00
00 00
00 00
00 00
00 00
00 00
00 00
00 00
00 00
00 00
00 00
00 00
00 00
00 00
00 00
00 00
00 00
00 00
00 00
00 00
00 00
00 00
00 00
00 00
00 00
00 00
00 00
00 00
00 00
00 00
00 00
00 00
00 00
00 00
00 00
00 00
00 00
00 00
00 00
00 00
00 00
00 00
00 00
00 00
00 00
00 00
00 00
00 00
00 00
00 00
00 00
00 00
00 00
00 00
00 00
00 00
00 00
00 00
00 00
00 00
00 00
00 00
00 00
00 00
00 00
00 00
00 00
00 00
00 00
00 00
00 00
00 00
00 00
00 00
00 00
00 00
00 00
00 00
00 00
00 00
00 00
00 00
00 00
00 00
00 00
00 00
00 00
00 00
00 00
00 00
00 00
00 00
00 00
00 00
00 00
00 00
00 00
00 00
00 00
00 00
00 00
00 00
00 00
00 00
00 00
00 00
00 00
00 00
00 00
00 00
00 00
00 00
00 00
00 00
00 00
00 00
00 00
00 00
00 00
00 00
00 00
00 00
00 00
00 00
00 00
00 00
00 00
00 00
00 00
00 00
00 00
00 00
00 00
00 00
00 00
00 00
00 00
00 00
00 00
00 00
00 00
00 00
00 00
00 00
00 00
00 00
00 00
00 00
00 00
00 00
00 00
00 00
00 00
00 00
00 00
00 00
00 00
00 00
00 00
00 00
00 00
00 00
00 00
00 00
00 00
00 00
00 00
00 00
00 00
00 00
00 00
00 00
00 00
00 00
00 00
00 00
00 00
00 00
00 00
00 00
00 00
00 00
00 00
00 00
00 00
00 00
00 00
00 00
00 00
00 00
00 00
00 00
00 00
00 00
00 00
00 00
00 00
00 00
00 00
00 00
00 00
00 00
00 00
00 00
00 00
00 00
00 00
00 00
00 00
00 00
00 00
00 00
00 00
00 00
00 00
00 00
00 00
00 00
00 00
00 00
00 00
00 00
00 00
00 00
00 00
00 00
00 00
00 00
00 00
00 00
00 00
00 00
00 00
00 00
00 00
00 00
00 00
00 00
00 00
00 00
00 00
00 00
00 00
00 00
00 00
00 00
00 00
00 00
00 00
00 00
00 00
00 00
00 00
00 00
00 00
00 00
00 00
00 00
00 00
00 00
00 00
00 00
00 00
00 00
00 00
00 00
00 00
00 00
00 00
00 00
00 00
00 00
00 00
00 00
00 00
00 00
00 00
00 00
00 00
00 00
00 00
00 00
00 00
00 00
00 00
00 00
00 00
00 00
00 00
00 00
00 00
00 00
00 00
00 00
00 00
00 00
00 00
00 00
00 00
00 00
00 00
00 00
00 00
00 00
00 00
00 00
00 00
00 00
00 00
00 00
00 00
00 00
00 00
00 00
00 00
00 00
00 00
00 00
00 00
00 00
00 00
00 00
00 00
00 00
00 00
00 00
00 00
00 00
00 00
00 00
00 00
00 00
00 00
00 00
00 00
00 00
00 00
00 00
00 00
00 00
00 00
00 00
00 00
00 00
00 00
00 00
00 00
00 00
00 00
00 00
00 00
00 00
00 00
00 00
00 00
00 00
00 00
00 00
00 00
00 00
00 00
00 00
00 00
00 00
00 00
00 00
00 00
00 00
00 00
00 00
00 00
00 00
00 00
00 00
00 00
00 00
00 00
00 00
00 00
00 00
00 00
00 00
00 00
00 00
00 00
00 00
00 00
00 00
00 00
00 00
00 00
00 00
00 00
00 00
00 00
00 00
00 00
00 00
00 00
00 00
00 00
00 00
00 00
00 00
00 00
00 00
00 00
00 00
00 00
00 00
00 00
00 00
00 00
00 00
00 00
00 00
00 00
00 00
00 00
00 00
00 00
00 00
00 00
00 00
00 00
00 00
00 00
00 00
00 00
00 00
00 00
00 00
00 00
00 00
00 00
00 00
00 00
00 00
00 00
00 00
00 00
00 00
00 00
00 00
00 00
00 00
00 00
00 00
00 00
00 00
00 00
00 00
00 00
00 00
00 00
00 00
00 00
00 00
00 00
00 00
00 00
00 00
00 00
00 00
00 00
00 00
00 00
00 00
00 00
00 00
00 00
00 00
00 00
00 00
00 00
00 00
00 00
