a9 b6
03 86
ee 69
00 00
17 4e
3e b2
5a 0e
00 00
1a 4b
e9 87
5c 96
00 00
27 ab
00 00
00 00
00 00
58 33
f4 76
03 81
00 00
df 4e
04 4b
03 83
00 00
79 02
45 33
77 28
00 00
a0 da
00 00
00 00
00 00
74 19
45 a0
0b 92
00 00
6c fd
fe a1
5e f5
00 00
c8 68
87 d4
02 22
00 00
2a ee
00 00
00 00
00 00
01 26
e6 cc
c8 ac
00 00
ae 3b
74 e8
71 72
00 00
19 d7
99 88
a5 04
00 00
41 45
00 00
00 00
00 00
57 5a
56 13
6c 62
00 00
00 f3
20 6a
49 b1
00 00
9e 85
7b cb
01 55
00 00
07 7a
00 00
00 00
00 00
1c e1
bf d3
88 0a
00 00
f4 0c
76 a9
0e cd
00 00
67 01
a2 b1
f8 1e
00 00
c3 f7
00 00
00 00
00 00
7a 8b
ef 7c
b6 50
00 00
05 c2
b2 c1
96 d5
00 00
4a b3
e7 8c
3b 83
00 00
9b 79
00 00
00 00
00 00
e7 a0
bf 8e
b8 cc
00 00
2e a1
18 15
cd d6
00 00
fd 0a
1f 02
d9 de
00 00
b0 c0
00 00
00 00
00 00
01 15
da c7
3b 9c
00 00
77 4d
2c 8f
e8 82
00 00
4f 85
fd 9f
5d 2e
00 00
51 9e
00 00
00 00
00 00
45 88
5d 6d
6e 45
00 00
63 d2
62 f7
a8 1b
00 00
c8 2a
59 62
7d 40
00 00
6a 86
00 00
00 00
00 00
b7 8c
cd f9
aa 19
00 00
1b c9
11 53
f3 1a
00 00
a2 19
76 f7
02 15
00 00
bd 65
00 00
00 00
00 00
24 61
e7 aa
bf a9
00 00
83 db
c3 88
3e 6f
00 00
2e 32
b4 69
4e 09
00 00
c4 38
00 00
00 00
00 00
cc 55
fb 17
4e bf
00 00
43 a2
bf ba
a0 55
00 00
cf 49
02 be
ed a2
00 00
5c ae
00 00
00 00
00 00
de 41
d4 60
38 6b
00 00
bf 08
2a 45
05 73
00 00
da bf
b7 53
a4 28
00 00
29 a7
00 00
00 00
00 00
db 1b
b2 8e
06 de
00 00
7e ff
71 40
0e 1e
00 00
57 47
f4 85
12 02
00 00
c8 e7
00 00
00 00
00 00
29 9b
01 48
c4 92
00 00
8e 67
1e 48
36 0e
00 00
d7 da
40 ce
3e 0a
00 00
89 cb
00 00
00 00
00 00
97 f0
11 1f
8e a7
00 00
2a 01
06 38
ce c4
00 00
02 ec
87 62
84 04
00 00
ba d4
00 00
00 00
00 00
13 39
f8 d7
e3 61
00 00
19 87
52 c0
70 00
00 00
21 a9
5a ff
53 4a
00 00
21 62
00 00
00 00
00 00
3c 5b
2e 9c
c6 6f
00 00
15 93
fe 2d
b3 42
00 00
a2 33
de 6b
50 b7
00 00
05 24
00 00
00 00
00 00
cd 77
3f bf
90 3e
00 00
6e f2
59 f5
8b 2f
00 00
34 c9
78 d1
54 3f
00 00
ac 79
00 00
00 00
00 00
2b ec
d5 02
df 4d
00 00
2f fb
e8 1f
05 d7
00 00
fb 3d
14 a3
b3 06
00 00
24 7a
00 00
00 00
00 00
69 9d
4c 23
ff 71
00 00
05 1b
8e 77
8d d8
00 00
26 f7
d9 73
88 fd
00 00
e3 02
00 00
00 00
00 00
94 79
58 77
34 89
00 00
be c6
76 ed
51 bb
00 00
eb f4
18 d3
69 6a
00 00
f5 2b
00 00
00 00
00 00
77 19
ff 01
7c 70
00 00
00 6e
6b eb
cb be
00 00
0d af
03 2f
34 ee
00 00
7e b3
00 00
00 00
00 00
1a 52
d2 fb
d7 ff
00 00
e0 00
10 29
4b 5e
00 00
ff d8
ce 03
bf c9
00 00
ff 93
00 00
00 00
00 00
ff c8
2e 4b
03 74
00 00
00 14
05 0c
66 7e
00 00
fc 86
fe fc
a8 22
00 00
c0 0b
00 00
00 00
00 00
dc 14
24 f0
b1 00
00 00
c5 f0
d2 f6
b8 fe
00 00
91 73
8d 4f
02 9a
00 00
70 fc
00 00
00 00
00 00
52 1b
e6 d6
ba 8a
00 00
02 01
08 8a
19 85
00 00
0c 9d
fa c8
d6 af
00 00
3d b8
00 00
00 00
00 00
32 fc
84 1e
d1 47
00 00
9f 25
af 50
29 b8
00 00
62 ab
2c aa
a6 ff
00 00
f4 82
00 00
00 00
00 00
ff ff
d2 b6
9a 01
00 00
bf 07
77 97
f9 1b
00 00
33 96
f6 40
28 12
00 00
4f 02
00 00
00 00
00 00
38 0b
73 f5
ff 04
00 00
73 8e
51 cc
36 b3
00 00
ef f1
8a 16
e0 68
00 00
79 30
00 00
00 00
00 00
88 76
03 14
0b b0
00 00
e7 b9
d3 3c
18 01
00 00
18 01
03 1f
55 e2
00 00
19 28
00 00
00 00
00 00
39 ac
25 d7
74 03
00 00
6b ab
b4 ff
f6 a0
00 00
fb 0f
55 7c
99 f8
00 00
77 91
00 00
00 00
00 00
91 31
9f 36
09 77
00 00
9b 12
33 c8
bc 63
00 00
bf 02
ff c2
9a 93
00 00
e8 03
00 00
00 00
00 00
4e 2c
52 8a
02 3b
00 00
7b 5f
fb b9
c8 82
00 00
b3 56
ff 02
b9 9c
00 00
1f c4
00 00
00 00
00 00
e0 bf
42 fd
4a 1a
00 00
1d 45
be c8
7a 17
00 00
4d d3
bf 02
fd 0e
00 00
ae 32
00 00
00 00
00 00
99 19
96 c2
86 fb
00 00
03 f9
dc b7
00 23
00 00
fb f8
c6 d4
6a 21
00 00
dc 47
00 00
00 00
00 00
1d 67
8e b6
88 d8
00 00
d9 ef
ed 10
8b db
00 00
1e bf
9e f3
cd 7a
00 00
20 76
00 00
00 00
00 00
7c 78
2c c8
48 ee
00 00
2a d8
66 94
39 02
00 00
12 c0
aa 45
e2 a3
00 00
de c1
00 00
00 00
00 00
9d 29
55 24
82 f7
00 00
09 f3
be d9
03 85
00 00
29 ac
dd 47
16 2d
00 00
c3 3d
00 00
00 00
00 00
a4 18
1b a8
a3 d5
00 00
4b 02
ce 93
48 01
00 00
f1 ba
ac 17
a9 49
00 00
ee 26
00 00
00 00
00 00
67 fa
22 27
1d 90
00 00
e5 e7
6f 47
29 12
00 00
77 00
fc c1
30 00
00 00
02 b9
00 00
00 00
00 00
75 25
05 78
a0 ec
00 00
7a 07
ca c8
08 cd
00 00
eb d4
12 01
7c 91
00 00
02 71
00 00
00 00
00 00
18 43
9d 42
af 8f
00 00
70 32
ff 31
08 69
00 00
ff bb
67 ff
13 00
00 00
ae 20
00 00
00 00
00 00
12 08
98 00
d5 01
00 00
94 0c
34 90
35 b1
00 00
f3 01
cb c2
e7 0f
00 00
71 ff
00 00
00 00
00 00
d4 f9
92 f5
e4 7c
00 00
fe 84
0e e2
d4 60
00 00
18 f9
69 3c
04 e1
00 00
9e 2b
00 00
00 00
00 00
eb a0
fd 28
00 9f
00 00
ff c8
16 c7
59 f4
00 00
4a b2
46 fa
ab 4b
00 00
5e 4b
00 00
00 00
00 00
02 12
00 b1
45 01
00 00
db 8a
86 6f
3e 8b
00 00
9d 00
ba 01
de 66
00 00
bb 09
00 00
00 00
00 00
00 bc
4a df
3c 2d
00 00
a1 00
b9 01
b3 a4
00 00
8c 01
1c ff
c4 59
00 00
52 ff
00 00
00 00
00 00
44 e7
fe e7
b5 98
00 00
ea 97
eb 03
59 c8
00 00
4d 0e
27 0e
37 83
00 00
25 9f
00 00
00 00
00 00
00 00
00 00
00 00
00 00
00 00
00 00
00 00
00 00
00 00
00 00
00 00
00 00
00 00
00 00
00 00
00 00
00 00
00 00
00 00
00 00
00 00
00 00
00 00
00 00
00 00
00 00
00 00
00 00
00 00
00 00
00 00
00 00
00 00
00 00
00 00
00 00
00 00
00 00
00 00
00 00
00 00
00 00
00 00
00 00
00 00
00 00
00 00
00 00
00 00
00 00
00 00
00 00
00 00
00 00
00 00
00 00
00 00
00 00
00 00
00 00
00 00
00 00
00 00
00 00
00 00
00 00
00 00
00 00
00 00
00 00
00 00
00 00
00 00
00 00
00 00
00 00
00 00
00 00
00 00
00 00
00 00
00 00
00 00
00 00
00 00
00 00
00 00
00 00
00 00
00 00
00 00
00 00
00 00
00 00
00 00
00 00
00 00
00 00
00 00
00 00
00 00
00 00
00 00
00 00
00 00
00 00
00 00
00 00
00 00
00 00
00 00
00 00
00 00
00 00
00 00
00 00
00 00
00 00
00 00
00 00
00 00
00 00
00 00
00 00
00 00
00 00
00 00
00 00
00 00
00 00
00 00
00 00
00 00
00 00
00 00
00 00
00 00
00 00
00 00
00 00
00 00
00 00
00 00
00 00
00 00
00 00
00 00
00 00
00 00
00 00
00 00
00 00
00 00
00 00
00 00
00 00
00 00
00 00
00 00
00 00
00 00
00 00
00 00
00 00
00 00
00 00
00 00
00 00
00 00
00 00
00 00
00 00
00 00
00 00
00 00
00 00
00 00
00 00
00 00
00 00
00 00
00 00
00 00
00 00
00 00
00 00
00 00
00 00
00 00
00 00
00 00
00 00
00 00
00 00
00 00
00 00
00 00
00 00
00 00
00 00
00 00
00 00
00 00
00 00
00 00
00 00
00 00
00 00
00 00
00 00
00 00
00 00
00 00
00 00
00 00
00 00
00 00
00 00
00 00
00 00
00 00
00 00
00 00
00 00
0f f2
c1 4c
fd 00
21 11
f0 68
1e 00
00 00
00 00
00 00
00 00
00 00
00 00
00 00
00 00
00 00
00 00
00 00
00 00
00 00
00 00
00 00
00 00
00 00
00 00
00 00
00 00
00 00
00 00
00 00
00 00
00 00
00 00
00 00
00 00
00 00
00 00
00 00
00 00
00 00
00 00
00 00
00 00
00 00
00 00
00 00
00 00
00 00
00 00
00 00
00 00
00 00
00 00
00 00
00 00
00 00
00 00
00 00
00 00
00 00
00 00
00 00
00 00
00 00
00 00
00 00
00 00
00 00
00 00
00 00
00 00
00 00
00 00
00 00
00 00
00 00
00 00
00 00
00 00
00 00
00 00
00 00
00 00
00 00
00 00
00 00
00 00
00 00
00 00
00 00
00 00
00 00
00 00
00 00
00 00
00 00
00 00
00 00
00 00
00 00
00 00
00 00
00 00
00 00
00 00
00 00
00 00
00 00
00 00
00 00
00 00
00 00
00 00
00 00
00 00
00 00
00 00
00 00
00 00
00 00
00 00
00 00
00 00
00 00
00 00
00 00
00 00
00 00
00 00
00 00
00 00
00 00
00 00
00 00
00 00
00 00
00 00
00 00
00 00
00 00
00 00
00 00
00 00
00 00
00 00
00 00
00 00
00 00
00 00
00 00
00 00
00 00
00 00
00 00
00 00
00 00
00 00
00 00
00 00
00 00
00 00
00 00
00 00
00 00
00 00
00 00
00 00
00 00
00 00
00 00
00 00
00 00
00 00
00 00
00 00
00 00
00 00
00 00
00 00
00 00
00 00
00 00
00 00
00 00
00 00
00 00
00 00
00 00
00 00
00 00
00 00
00 00
00 00
00 00
00 00
00 00
00 00
00 00
00 00
00 00
00 00
00 00
00 00
00 00
00 00
00 00
00 00
00 00
00 00
00 00
00 00
00 00
00 00
00 00
00 00
00 00
00 00
00 00
00 00
00 00
00 00
00 00
00 00
00 00
00 00
00 00
00 00
00 00
00 00
00 00
00 00
00 00
00 00
00 00
00 00
00 00
00 00
00 00
00 00
00 00
00 00
00 00
00 00
00 00
00 00
00 00
00 00
00 00
00 00
00 00
00 00
00 00
00 00
00 00
00 00
00 00
00 00
00 00
00 00
00 00
00 00
00 00
00 00
00 00
00 00
00 00
00 00
00 00
00 00
00 00
00 00
00 00
00 00
00 00
00 00
00 00
00 00
00 00
00 00
00 00
00 00
00 00
00 00
00 00
00 00
00 00
00 00
00 00
00 00
00 00
00 00
00 00
00 00
00 00
00 00
00 00
00 00
00 00
00 00
00 00
00 00
00 00
00 00
00 00
00 00
00 00
00 00
00 00
00 00
00 00
00 00
00 00
00 00
00 00
00 00
00 00
00 00
00 00
00 00
00 00
00 00
00 00
00 00
00 00
00 00
00 00
00 00
00 00
00 00
00 00
00 00
00 00
00 00
00 00
00 00
00 00
00 00
00 00
00 00
00 00
00 00
00 00
00 00
00 00
00 00
00 00
00 00
00 00
00 00
00 00
00 00
00 00
00 00
00 00
00 00
00 00
00 00
00 00
00 00
00 00
00 00
00 00
00 00
00 00
00 00
00 00
00 00
00 00
00 00
00 00
00 00
00 00
00 00
00 00
00 00
00 00
00 00
00 00
00 00
00 00
00 00
00 00
00 00
00 00
00 00
00 00
00 00
00 00
00 00
00 00
00 00
00 00
00 00
00 00
00 00
00 00
00 00
00 00
00 00
00 00
00 00
00 00
00 00
00 00
00 00
00 00
00 00
00 00
00 00
00 00
00 00
00 00
00 00
00 00
00 00
00 00
00 00
00 00
00 00
00 00
00 00
00 00
00 00
00 00
00 00
00 00
00 00
00 00
00 00
00 00
00 00
00 00
00 00
00 00
00 00
00 00
00 00
00 00
00 00
00 00
00 00
00 00
00 00
00 00
00 00
00 00
00 00
00 00
00 00
00 00
00 00
00 00
00 00
00 00
00 00
00 00
00 00
00 00
00 00
00 00
00 00
00 00
00 00
00 00
00 00
00 00
00 00
00 00
00 00
00 00
00 00
00 00
00 00
00 00
00 00
00 00
00 00
00 00
00 00
00 00
00 00
00 00
00 00
00 00
00 00
00 00
00 00
00 00
00 00
00 00
00 00
00 00
00 00
00 00
00 00
00 00
00 00
00 00
00 00
00 00
00 00
00 00
00 00
00 00
00 00
00 00
00 00
00 00
00 00
00 00
00 00
00 00
00 00
00 00
00 00
00 00
00 00
00 00
00 00
00 00
00 00
00 00
00 00
00 00
00 00
00 00
00 00
00 00
00 00
00 00
00 00
00 00
00 00
00 00
00 00
00 00
00 00
00 00
00 00
00 00
00 00
00 00
00 00
00 00
00 00
00 00
00 00
00 00
00 00
00 00
00 00
00 00
00 00
00 00
00 00
00 00
00 00
00 00
00 00
00 00
00 00
00 00
00 00
00 00
00 00
00 00
00 00
00 00
00 00
00 00
00 00
00 00
00 00
00 00
00 00
00 00
00 00
00 00
00 00
00 00
00 00
00 00
00 00
00 00
00 00
00 00
00 00
00 00
00 00
00 00
00 00
00 00
00 00
00 00
00 00
00 00
00 00
00 00
00 00
00 00
00 00
00 00
00 00
00 00
00 00
00 00
00 00
00 00
00 00
00 00
00 00
00 00
00 00
00 00
00 00
00 00
00 00
00 00
00 00
00 00
00 00
00 00
00 00
00 00
00 00
00 00
00 00
00 00
00 00
00 00
00 00
00 00
00 00
00 00
00 00
00 00
00 00
00 00
00 00
00 00
00 00
00 00
00 00
00 00
00 00
00 00
00 00
00 00
00 00
00 00
00 00
00 00
00 00
00 00
00 00
00 00
00 00
00 00
00 00
00 00
00 00
00 00
00 00
00 00
00 00
00 00
00 00
00 00
00 00
00 00
00 00
00 00
00 00
00 00
00 00
00 00
00 00
00 00
00 00
00 00
00 00
00 00
00 00
00 00
00 00
00 00
00 00
00 00
00 00
00 00
00 00
00 00
00 00
00 00
00 00
00 00
00 00
00 00
00 00
00 00
00 00
00 00
00 00
00 00
00 00
00 00
00 00
00 00
00 00
00 00
00 00
00 00
00 00
00 00
00 00
00 00
00 00
00 00
00 00
00 00
00 00
00 00
00 00
00 00
00 00
00 00
00 00
00 00
00 00
00 00
00 00
00 00
00 00
00 00
00 00
00 00
00 00
00 00
00 00
00 00
00 00
00 00
00 00
00 00
00 00
00 00
00 00
00 00
00 00
00 00
00 00
00 00
00 00
00 00
00 00
00 00
00 00
00 00
00 00
00 00
00 00
00 00
00 00
00 00
00 00
00 00
00 00
00 00
00 00
00 00
00 00
00 00
00 00
00 00
00 00
00 00
00 00
00 00
00 00
00 00
00 00
00 00
00 00
00 00
00 00
00 00
00 00
00 00
00 00
00 00
00 00
00 00
00 00
00 00
00 00
00 00
00 00
00 00
00 00
00 00
00 00
00 00
00 00
00 00
00 00
00 00
00 00
00 00
00 00
00 00
00 00
00 00
00 00
00 00
00 00
00 00
00 00
00 00
00 00
00 00
00 00
00 00
00 00
00 00
00 00
00 00
00 00
00 00
00 00
00 00
00 00
00 00
00 00
00 00
00 00
00 00
00 00
00 00
00 00
00 00
00 00
00 00
00 00
00 00
00 00
00 00
00 00
00 00
00 00
00 00
00 00
00 00
00 00
00 00
00 00
00 00
00 00
00 00
00 00
00 00
00 00
00 00
00 00
00 00
00 00
00 00
00 00
00 00
00 00
00 00
00 00
00 00
00 00
00 00
00 00
00 00
00 00
00 00
00 00
00 00
00 00
00 00
00 00
00 00
00 00
00 00
00 00
00 00
00 00
00 00
00 00
00 00
00 00
00 00
00 00
00 00
00 00
00 00
00 00
00 00
00 00
00 00
00 00
00 00
00 00
00 00
00 00
00 00
00 00
00 00
00 00
00 00
00 00
00 00
00 00
00 00
00 00
00 00
00 00
00 00
00 00
00 00
00 00
00 00
00 00
00 00
00 00
00 00
00 00
00 00
00 00
00 00
00 00
00 00
00 00
00 00
00 00
00 00
00 00
00 00
00 00
00 00
00 00
00 00
00 00
00 00
00 00
00 00
00 00
00 00
00 00
00 00
00 00
00 00
00 00
00 00
00 00
00 00
00 00
00 00
00 00
00 00
00 00
00 00
00 00
00 00
00 00
00 00
00 00
00 00
00 00
00 00
00 00
00 00
00 00
00 00
00 00
00 00
00 00
00 00
00 00
00 00
00 00
00 00
00 00
00 00
00 00
00 00
00 00
00 00
00 00
00 00
00 00
00 00
00 00
00 00
00 00
00 00
00 00
00 00
00 00
00 00
00 00
00 00
00 00
00 00
00 00
00 00
00 00
00 00
00 00
00 00
00 00
00 00
00 00
00 00
00 00
00 00
00 00
00 00
00 00
00 00
00 00
00 00
00 00
19 c3
5e ab
c3 00
b5 00
c2 93
4f 00
52 d2
f4 eb
3f 00
d0 57
01 db
eb 00
fe 01
98 d4
2f 00
6c 82
49 36
ca 00
40 c8
ff 95
c1 00
00 00
95 6c
71 00
11 91
d2 6d
2d 00
70 d8
21 70
da 00
72 4b
f6 9d
ef 00
e8 2f
af b4
fe 00
8e 5b
60 66
6f 00
d9 79
36 b0
88 00
1f db
1e 3a
fe 00
f6 85
04 64
fe 00
00 00
00 00
00 00
00 00
00 00
00 00
00 00
00 00
00 00
00 00
00 00
00 00
00 00
00 00
00 00
00 00
00 00
00 00
00 00
00 00
00 00
00 00
00 00
00 00
00 00
00 00
00 00
00 00
00 00
00 00
00 00
00 00
00 00
00 00
00 00
00 00
00 00
00 00
00 00
00 00
00 00
00 00
00 00
00 00
00 00
00 00
00 00
00 00
00 00
00 00
00 00
00 00
00 00
00 00
00 00
00 00
00 00
00 00
00 00
00 00
00 00
00 00
00 00
00 00
00 00
00 00
00 00
00 00
00 00
00 00
00 00
00 00
00 00
00 00
00 00
00 00
00 00
00 00
00 00
00 00
00 00
00 00
00 00
00 00
00 00
00 00
00 00
00 00
00 00
00 00
00 00
00 00
00 00
00 00
00 00
00 00
00 00
00 00
00 00
00 00
00 00
00 00
00 00
00 00
00 00
00 00
00 00
00 00
00 00
00 00
00 00
00 00
00 00
00 00
00 00
00 00
00 00
00 00
00 00
00 00
00 00
00 00
00 00
00 00
00 00
00 00
00 00
00 00
00 00
00 00
00 00
00 00
00 00
00 00
00 00
00 00
00 00
00 00
00 00
00 00
00 00
00 00
00 00
00 00
00 00
00 00
00 00
00 00
00 00
00 00
00 00
00 00
00 00
00 00
00 00
00 00
00 00
00 00
00 00
00 00
00 00
00 00
00 00
00 00
00 00
00 00
00 00
00 00
00 00
00 00
00 00
00 00
00 00
00 00
00 00
00 00
00 00
00 00
00 00
00 00
00 00
00 00
00 00
00 00
00 00
00 00
00 00
00 00
00 00
00 00
00 00
00 00
00 00
00 00
00 00
00 00
00 00
00 00
00 00
00 00
00 00
00 00
00 00
00 00
00 00
00 00
00 00
00 00
00 00
00 00
00 00
00 00
00 00
00 00
00 00
00 00
00 00
00 00
00 00
00 00
00 00
00 00
00 00
00 00
00 00
00 00
00 00
00 00
00 00
00 00
00 00
00 00
00 00
00 00
00 00
00 00
00 00
00 00
00 00
00 00
00 00
00 00
00 00
00 00
00 00
00 00
00 00
00 00
00 00
00 00
00 00
00 00
00 00
00 00
00 00
00 00
00 00
00 00
00 00
00 00
00 00
00 00
00 00
00 00
00 00
00 00
00 00
00 00
00 00
00 00
00 00
00 00
00 00
00 00
00 00
00 00
00 00
00 00
00 00
00 00
00 00
00 00
00 00
00 00
00 00
00 00
00 00
00 00
00 00
00 00
00 00
00 00
00 00
00 00
00 00
00 00
00 00
00 00
00 00
00 00
00 00
00 00
00 00
00 00
00 00
00 00
00 00
00 00
00 00
00 00
00 00
00 00
00 00
00 00
00 00
00 00
00 00
00 00
00 00
00 00
00 00
00 00
00 00
00 00
00 00
00 00
00 00
00 00
00 00
00 00
00 00
00 00
00 00
00 00
00 00
00 00
00 00
00 00
00 00
00 00
00 00
00 00
00 00
00 00
00 00
00 00
00 00
00 00
00 00
00 00
00 00
00 00
00 00
00 00
00 00
00 00
00 00
00 00
00 00
00 00
00 00
00 00
00 00
00 00
00 00
00 00
00 00
00 00
00 00
00 00
00 00
00 00
00 00
00 00
00 00
00 00
00 00
00 00
00 00
00 00
00 00
00 00
00 00
00 00
00 00
00 00
00 00
00 00
00 00
00 00
00 00
00 00
00 00
00 00
00 00
00 00
00 00
00 00
00 00
00 00
00 00
00 00
00 00
00 00
00 00
00 00
00 00
00 00
00 00
00 00
00 00
00 00
00 00
00 00
00 00
00 00
00 00
00 00
00 00
00 00
00 00
00 00
00 00
00 00
00 00
00 00
00 00
00 00
00 00
00 00
00 00
00 00
00 00
00 00
00 00
00 00
00 00
00 00
00 00
00 00
00 00
00 00
00 00
00 00
00 00
00 00
00 00
00 00
00 00
00 00
00 00
00 00
00 00
00 00
00 00
00 00
00 00
00 00
00 00
00 00
00 00
00 00
00 00
00 00
00 00
00 00
00 00
00 00
00 00
00 00
00 00
00 00
00 00
00 00
00 00
00 00
00 00
00 00
00 00
00 00
00 00
00 00
00 00
00 00
00 00
00 00
00 00
00 00
00 00
00 00
00 00
00 00
00 00
00 00
00 00
00 00
00 00
00 00
00 00
00 00
00 00
00 00
00 00
00 00
00 00
00 00
00 00
00 00
00 00
00 00
00 00
00 00
00 00
00 00
00 00
00 00
00 00
00 00
00 00
00 00
00 00
00 00
00 00
00 00
00 00
00 00
00 00
00 00
00 00
00 00
00 00
00 00
00 00
00 00
00 00
00 00
00 00
00 00
00 00
00 00
00 00
00 00
00 00
00 00
00 00
00 00
00 00
00 00
00 00
00 00
00 00
00 00
00 00
00 00
00 00
00 00
00 00
00 00
00 00
00 00
00 00
00 00
00 00
00 00
00 00
00 00
00 00
00 00
00 00
00 00
00 00
00 00
00 00
00 00
00 00
00 00
00 00
00 00
00 00
00 00
00 00
00 00
00 00
00 00
00 00
00 00
00 00
00 00
00 00
00 00
00 00
00 00
00 00
00 00
00 00
00 00
00 00
00 00
00 00
00 00
00 00
00 00
00 00
00 00
00 00
00 00
00 00
00 00
00 00
00 00
00 00
00 00
00 00
00 00
00 00
00 00
00 00
00 00
00 00
00 00
00 00
00 00
00 00
00 00
00 00
00 00
00 00
00 00
00 00
00 00
00 00
00 00
00 00
00 00
00 00
00 00
00 00
00 00
00 00
00 00
00 00
00 00
00 00
00 00
00 00
00 00
00 00
00 00
00 00
00 00
00 00
00 00
00 00
00 00
00 00
00 00
00 00
00 00
00 00
00 00
00 00
00 00
00 00
00 00
00 00
00 00
00 00
00 00
00 00
00 00
00 00
00 00
00 00
00 00
00 00
00 00
00 00
00 00
00 00
00 00
00 00
00 00
00 00
00 00
00 00
00 00
00 00
00 00
00 00
00 00
00 00
00 00
00 00
00 00
00 00
00 00
00 00
00 00
00 00
00 00
00 00
00 00
00 00
00 00
00 00
00 00
00 00
00 00
00 00
00 00
00 00
00 00
00 00
00 00
00 00
00 00
00 00
00 00
00 00
00 00
00 00
00 00
00 00
00 00
00 00
00 00
00 00
00 00
00 00
00 00
00 00
00 00
00 00
00 00
00 00
00 00
00 00
00 00
00 00
00 00
00 00
00 00
00 00
00 00
00 00
00 00
00 00
00 00
00 00
00 00
00 00
00 00
00 00
00 00
00 00
00 00
00 00
00 00
00 00
00 00
00 00
00 00
00 00
00 00
00 00
00 00
00 00
00 00
00 00
00 00
00 00
00 00
00 00
00 00
00 00
00 00
00 00
00 00
00 00
00 00
00 00
00 00
00 00
00 00
00 00
00 00
00 00
00 00
00 00
00 00
00 00
00 00
00 00
00 00
00 00
00 00
00 00
00 00
00 00
00 00
00 00
00 00
00 00
00 00
00 00
00 00
00 00
00 00
00 00
00 00
00 00
00 00
00 00
00 00
00 00
00 00
00 00
00 00
00 00
00 00
00 00
00 00
00 00
00 00
00 00
00 00
00 00
00 00
00 00
00 00
00 00
00 00
00 00
00 00
00 00
00 00
00 00
00 00
00 00
00 00
00 00
00 00
00 00
00 00
00 00
00 00
00 00
00 00
00 00
00 00
00 00
00 00
00 00
00 00
00 00
00 00
00 00
00 00
00 00
00 00
00 00
00 00
00 00
00 00
00 00
00 00
00 00
00 00
00 00
00 00
00 00
00 00
00 00
00 00
00 00
00 00
00 00
00 00
00 00
00 00
00 00
00 00
00 00
00 00
00 00
00 00
00 00
00 00
00 00
00 00
00 00
00 00
00 00
00 00
00 00
00 00
00 00
00 00
00 00
00 00
00 00
00 00
00 00
00 00
00 00
00 00
00 00
00 00
00 00
00 00
00 00
00 00
00 00
00 00
00 00
00 00
00 00
00 00
00 00
00 00
00 00
00 00
00 00
00 00
00 00
00 00
00 00
00 00
00 00
00 00
00 00
00 00
00 00
00 00
00 00
00 00
00 00
00 00
00 00
00 00
00 00
00 00
00 00
00 00
00 00
00 00
00 00
00 00
00 00
00 00
00 00
00 00
00 00
00 00
00 00
00 00
00 00
00 00
00 00
00 00
00 00
00 00
00 00
00 00
00 00
00 00
00 00
00 00
00 00
00 00
00 00
00 00
00 00
00 00
00 00
00 00
fa 02
fa 02
05 df
f7 e3
02 66
6c 5c
f7 09
81 92
04 c8
02 d5
06 00
fa 20
04 f7
a7 fe
24 18
31 ae
db 15
05 ae
ff 4d
53 34
75 36
04 fd
43 93
dc eb
2e 0e
ea fa
2b e3
9e 90
11 e5
89 71
d6 ff
05 74
a5 5e
cb 00
5b d3
7b 4d
a2 78
49 ea
b5 ef
fe 75
bd fa
fc 94
ed 97
fb 48
65 46
fe cb
01 08
d5 67
d5 06
ab 3c
f7 1a
e3 ff
06 25
ca 60
03 0f
dd fd
07 fe
08 f8
03 ad
00 a1
11 3c
00 00
b0 ec
6c 79
ad 7d
00 59
fa 7a
fe f8
67 05
00 62
47 ac
f2 cd
3a ee
7c f8
08 24
cf f5
6a f8
33 82
e0 16
11 01
41 d3
b7 c5
f8 50
c2 81
6b 09
0a fb
fe 93
ec 00
92 fe
04 04
1a a5
ea 06
19 fd
f7 b8
56 fb
3a d4
07 ff
e1 f8
ca 13
f6 fa
fb 44
35 71
f4 02
4c 02
56 aa
03 00
ba fc
ee df
f7 f9
0a 16
62 f1
25 9b
f9 fc
cd 00
3d d9
7c 99
09 91
08 da
09 8d
f1 05
ab 00
68 c5
ff f8
8e 00
0d 1e
56 eb
32 21
08 fa
fe 96
ba f7
6b 05
53 00
d9 f0
f4 fc
03 07
02 7a
3a 85
01 86
31 cf
fb c6
fd 13
56 de
56 ed
fa 0e
04 07
ad 72
bd f9
89 14
f8 5e
00 bc
07 02
02 28
8a 01
26 9e
ac 00
61 e9
e8 8a
ab b5
0b df
05 48
00 89
7b ca
fd 00
c2 d7
02 f8
cc 0c
6a bf
f9 8a
49 c8
5c f7
72 fe
f9 00
0f ba
9f 42
ba 24
f8 d2
cb 04
00 c2
02 07
d9 bc
8f 1a
79 35
f8 2b
08 09
f2 1a
41 f2
02 d5
63 0b
08 76
cf 09
f8 f5
63 6c
32 ff
31 fe
fe 9a
fe fc
1f fe
b1 aa
d6 67
9b 04
01 f9
01 6f
f1 1e
12 ed
00 2f
52 f8
30 3d
f7 89
e6 49
00 08
00 f8
d8 00
02 61
09 0a
f8 c0
68 97
58 ae
37 24
30 02
7b 3d
00 fd
38 c4
e9 ce
0b fc
fe c2
ff a9
ad 06
7b e8
75 2e
3f ff
66 ef
f8 fb
2f ff
26 52
08 07
b0 0b
06 fe
97 a1
c5 2d
07 86
88 6e
42 f9
f9 44
ba f5
50 ff
51 00
5e fa
68 c9
01 b7
0c f8
ff fe
8b 09
1f 07
f7 38
fb 28
88 05
90 97
42 de
0c 3a
05 a9
fc 08
ce 60
e9 f9
07 15
2d c5
00 dc
f3 a8
07 02
e4 1f
00 e2
00 05
a5 79
e4 42
02 d7
94 49
bf 08
9c 05
5f d0
f5 07
81 14
06 fe
1b 1e
fc fb
04 c9
31 78
1a f8
01 dc
8e f8
41 02
fe 5c
5e 33
42 05
a1 05
e8 e6
f7 39
e8 a4
08 09
06 00
b6 ca
06 b8
57 62
fc 8f
fe b3
61 01
fd 02
91 bf
c5 12
99 02
b4 02
ac 07
98 a2
fb 98
fe 6c
cb da
9f f5
7a c6
08 04
e2 f3
84 75
01 a8
c3 47
07 02
66 00
13 70
f9 23
f4 10
05 08
f7 08
43 01
b9 8c
49 f9
08 00
04 09
be ac
32 09
d8 f7
da a6
33 07
bb 85
cd aa
01 00
fe 02
00 e9
c1 04
ff 64
f7 6c
fd 96
02 05
90 bd
09 b6
62 02
0b 3f
bb c4
70 f9
e5 15
0b 4d
f7 23
ed 83
d7 f9
04 41
b9 04
f7 dd
60 f7
12 ff
e9 02
02 20
fa 05
08 04
09 39
03 76
06 f1
69 46
83 d2
54 fe
08 ab
ae 2f
fb 01
71 8e
2d 02
f8 02
72 03
d1 63
12 8f
df fc
fb fd
d6 05
fd 79
18 2e
07 00
68 00
69 02
70 f7
9c d7
da fc
59 00
f8 bc
f8 fa
db 00
65 28
9e 94
00 58
38 28
b8 f3
06 90
48 9a
8e ef
9e 02
f8 01
3e 78
b0 d2
02 04
ad 35
ff 07
f8 f8
1d fa
10 05
ef 17
b3 f4
61 b4
09 00
10 d7
e6 ff
fe 97
e3 5a
f0 0e
08 dc
00 b6
6c 1b
28 f5
f3 ff
55 90
5d f8
00 00
00 00
00 00
00 00
00 00
00 00
00 00
00 00
00 00
00 00
00 00
00 00
00 00
00 00
00 00
00 00
00 00
00 00
00 00
00 00
00 00
00 00
00 00
00 00
00 00
00 00
00 00
00 00
00 00
00 00
00 00
00 00
00 00
00 00
00 00
00 00
00 00
00 00
00 00
00 00
00 00
00 00
00 00
00 00
00 00
00 00
00 00
00 00
00 00
00 00
00 00
00 00
00 00
00 00
00 00
00 00
00 00
00 00
00 00
00 00
00 00
00 00
00 00
00 00
00 00
00 00
00 00
00 00
00 00
00 00
00 00
00 00
00 00
00 00
00 00
00 00
00 00
00 00
00 00
00 00
00 00
00 00
00 00
00 00
00 00
00 00
00 00
00 00
00 00
00 00
00 00
00 00
00 00
00 00
00 00
00 00
00 00
00 00
00 00
00 00
00 00
00 00
00 00
00 00
00 00
00 00
00 00
00 00
00 00
00 00
00 00
00 00
00 00
00 00
00 00
00 00
00 00
00 00
00 00
00 00
00 00
00 00
00 00
00 00
00 00
00 00
00 00
00 00
00 00
00 00
00 00
00 00
00 00
00 00
00 00
00 00
00 00
00 00
00 00
00 00
00 00
00 00
00 00
00 00
00 00
00 00
00 00
00 00
00 00
00 00
00 00
00 00
00 00
00 00
00 00
00 00
00 00
00 00
00 00
00 00
00 00
00 00
00 00
00 00
00 00
00 00
00 00
00 00
00 00
00 00
00 00
00 00
00 00
00 00
00 00
00 00
00 00
00 00
00 00
00 00
00 00
00 00
00 00
00 00
00 00
00 00
00 00
00 00
00 00
00 00
00 00
00 00
00 00
00 00
00 00
00 00
00 00
00 00
00 00
00 00
00 00
00 00
00 00
00 00
00 00
00 00
00 00
00 00
00 00
00 00
00 00
00 00
00 00
00 00
00 00
00 00
00 00
00 00
00 00
00 00
00 00
00 00
00 00
00 00
00 00
00 00
00 00
00 00
00 00
00 00
00 00
00 00
00 00
00 00
00 00
00 00
00 00
00 00
00 00
00 00
00 00
00 00
00 00
00 00
00 00
00 00
00 00
00 00
00 00
00 00
00 00
00 00
00 00
00 00
00 00
00 00
00 00
00 00
00 00
00 00
00 00
00 00
00 00
00 00
00 00
00 00
00 00
00 00
00 00
00 00
00 00
00 00
00 00
00 00
00 00
00 00
00 00
00 00
00 00
00 00
00 00
00 00
00 00
00 00
00 00
00 00
00 00
00 00
00 00
00 00
00 00
00 00
00 00
00 00
00 00
00 00
00 00
00 00
00 00
00 00
00 00
00 00
00 00
00 00
00 00
00 00
00 00
00 00
00 00
00 00
00 00
00 00
00 00
00 00
00 00
00 00
00 00
00 00
00 00
00 00
00 00
00 00
00 00
00 00
00 00
00 00
00 00
00 00
00 00
00 00
00 00
00 00
00 00
00 00
00 00
00 00
00 00
00 00
00 00
00 00
00 00
00 00
00 00
00 00
00 00
00 00
00 00
00 00
00 00
00 00
00 00
00 00
00 00
00 00
00 00
00 00
00 00
00 00
00 00
00 00
00 00
00 00
00 00
00 00
00 00
00 00
00 00
00 00
00 00
00 00
00 00
00 00
00 00
00 00
00 00
00 00
00 00
00 00
00 00
00 00
00 00
00 00
00 00
00 00
00 00
00 00
00 00
00 00
00 00
00 00
00 00
00 00
00 00
00 00
00 00
00 00
00 00
00 00
00 00
00 00
00 00
00 00
00 00
00 00
00 00
00 00
00 00
00 00
00 00
00 00
00 00
00 00
00 00
00 00
00 00
00 00
00 00
00 00
00 00
00 00
00 00
00 00
00 00
00 00
00 00
00 00
00 00
00 00
00 00
00 00
00 00
00 00
00 00
00 00
00 00
00 00
00 00
00 00
00 00
00 00
00 00
00 00
00 00
00 00
00 00
00 00
00 00
00 00
00 00
00 00
00 00
00 00
00 00
00 00
00 00
00 00
00 00
00 00
00 00
00 00
00 00
00 00
00 00
00 00
00 00
00 00
00 00
00 00
00 00
00 00
00 00
00 00
00 00
00 00
00 00
00 00
00 00
00 00
00 00
00 00
00 00
00 00
00 00
00 00
00 00
00 00
00 00
00 00
00 00
00 00
00 00
00 00
00 00
00 00
00 00
00 00
00 00
00 00
00 00
00 00
00 00
00 00
00 00
00 00
00 00
00 00
00 00
00 00
00 00
00 00
00 00
00 00
00 00
00 00
00 00
00 00
00 00
00 00
00 00
00 00
00 00
00 00
00 00
00 00
00 00
00 00
00 00
00 00
00 00
00 00
00 00
00 00
00 00
00 00
00 00
00 00
00 00
00 00
00 00
00 00
00 00
00 00
00 00
00 00
00 00
00 00
00 00
00 00
00 00
00 00
00 00
00 00
00 00
00 00
00 00
00 00
00 00
00 00
00 00
00 00
00 00
00 00
00 00
00 00
00 00
00 00
00 00
00 00
00 00
00 00
00 00
00 00
00 00
00 00
00 00
00 00
00 00
00 00
00 00
00 00
00 00
00 00
00 00
00 00
00 00
00 00
00 00
00 00
00 00
00 00
00 00
00 00
