63 d2
c3 02
02 f6
00 00
bd fd
40 7b
93 c4
00 00
d2 24
bd dc
ff 0d
00 00
02 c9
00 00
00 00
00 00
51 fb
49 20
4f ab
00 00
aa be
11 d9
05 7e
00 00
ec 0a
be 7e
19 35
00 00
8f 5d
00 00
00 00
00 00
06 fc
97 e4
fe 0f
00 00
92 c6
5c fc
fe c0
00 00
e0 19
ff d5
eb 4f
00 00
4e b7
00 00
00 00
00 00
03 9d
9a 09
77 de
00 00
ea dc
59 f8
ae f0
00 00
83 36
f2 30
c7 00
00 00
fa c6
00 00
00 00
00 00
4c 4d
04 07
a9 53
00 00
8b bd
1f 21
9d 63
00 00
1e d9
01 03
e7 2e
00 00
6d fe
00 00
00 00
00 00
1a 97
eb 06
77 01
00 00
01 e2
14 f0
fd 5b
00 00
fd 46
42 01
a2 17
00 00
31 ff
00 00
00 00
00 00
cc 5b
0f 97
41 36
00 00
f8 f1
26 e1
4b 5b
00 00
fd ce
ae 4a
ff 9f
00 00
61 bf
00 00
00 00
00 00
17 ff
6f 03
c6 1e
00 00
6e 47
d8 30
f5 3a
00 00
db 8c
3e f0
5b f7
00 00
fe ef
00 00
00 00
00 00
c3 64
46 85
9f 2c
00 00
3d 9d
fc 3d
51 67
00 00
fd 77
a8 c5
4a bf
00 00
56 f6
00 00
00 00
00 00
9a e9
01 cc
01 c7
00 00
63 40
b9 ef
49 66
00 00
83 04
0c f9
01 e3
00 00
4e ee
00 00
00 00
00 00
9f 24
9a 32
c7 29
00 00
b5 c5
44 df
61 11
00 00
34 a6
54 ed
f3 17
00 00
af b5
00 00
00 00
00 00
59 8b
23 26
1f d4
00 00
79 01
a7 7c
00 d0
00 00
8a 00
49 a1
ff 66
00 00
4f b5
00 00
00 00
00 00
50 05
fc 7d
d3 02
00 00
86 de
c3 b3
73 2e
00 00
8e 79
6e 31
cc e9
00 00
76 8f
00 00
00 00
00 00
fa 3f
c4 fc
f6 5a
00 00
f4 ce
e7 c4
0b 0f
00 00
fa ef
f9 83
f9 6e
00 00
8c 30
00 00
00 00
00 00
97 65
da 61
6d 72
00 00
cb af
fa f2
2e 79
00 00
23 6e
92 f0
cc 94
00 00
01 fe
00 00
00 00
00 00
90 dd
ce f9
0d f8
00 00
00 44
98 fa
67 31
00 00
f8 fe
00 a7
fe f9
00 00
f1 89
00 00
00 00
00 00
9d f7
de 00
f6 f8
00 00
fe ad
03 9e
7b bf
00 00
0b 56
fc e0
4a fc
00 00
a6 9e
00 00
00 00
00 00
5c be
48 27
66 02
00 00
02 4f
6c e9
a7 ac
00 00
06 58
8e a7
ab 16
00 00
af a8
00 00
00 00
00 00
04 1d
f3 2b
05 a4
00 00
e4 8a
4f 18
7d 55
00 00
93 0a
53 6a
ee 3b
00 00
2c 00
00 00
00 00
00 00
68 5c
6c 01
3e 01
00 00
54 90
d9 52
24 73
00 00
00 2f
6d 0d
6a 66
00 00
2d 94
00 00
00 00
00 00
61 95
ed 92
59 66
00 00
d0 f7
27 00
5e 3d
00 00
df 4c
a1 e0
f2 94
00 00
cb 02
00 00
00 00
00 00
ff 83
c0 fb
95 f7
00 00
dd 60
34 34
44 b4
00 00
12 ff
ad 67
8e 75
00 00
31 c9
00 00
00 00
00 00
dc 7a
81 48
da fa
00 00
55 da
b8 79
c6 7c
00 00
1d 5d
fa 91
9f 96
00 00
fa 85
00 00
00 00
00 00
82 04
b0 1b
ff 57
00 00
ba 9a
8d ab
26 74
00 00
95 98
2f 54
ff 0e
00 00
9d 5e
00 00
00 00
00 00
53 53
d2 a6
4d 01
00 00
52 9f
02 d2
d7 2e
00 00
c1 29
1c 5a
85 01
00 00
d2 b2
00 00
00 00
00 00
12 f2
be e8
3a 91
00 00
0a a0
3c 00
bf 97
00 00
af 58
28 a5
d0 2e
00 00
c6 5b
00 00
00 00
00 00
3a fe
1d 3d
0b 02
00 00
2d 01
66 ab
47 8a
00 00
96 3a
47 e2
37 fc
00 00
2c 02
00 00
00 00
00 00
bc ec
79 fb
e5 72
00 00
01 09
ad 3f
77 08
00 00
7c e6
43 fa
7c 96
00 00
63 f5
00 00
00 00
00 00
de be
29 cd
49 db
00 00
49 42
bd a0
cc be
00 00
99 db
67 57
7a d6
00 00
4a a6
00 00
00 00
00 00
ce 08
01 0a
90 8f
00 00
01 2a
6b 79
bb 4a
00 00
4a 76
97 d0
3c cc
00 00
92 85
00 00
00 00
00 00
83 64
1e dd
6d fc
00 00
02 62
b1 6c
a8 e2
00 00
37 51
71 b8
bf 7b
00 00
e8 1f
00 00
00 00
00 00
98 be
4f 01
85 e1
00 00
85 f1
9e d2
1a 28
00 00
11 0f
24 e8
b1 fe
00 00
02 19
00 00
00 00
00 00
ec f5
ed 60
5e 6d
00 00
57 2b
72 83
e5 f4
00 00
11 0b
5d fe
e6 2b
00 00
c6 c5
00 00
00 00
00 00
af b9
21 f0
c2 f6
00 00
fc 78
bd 63
69 a7
00 00
ca 5c
65 fc
7d b7
00 00
a2 14
00 00
00 00
00 00
43 08
fd 1a
ae 27
00 00
e9 8b
f0 7e
ec a0
00 00
d8 ec
18 3b
4c ec
00 00
c9 ca
00 00
00 00
00 00
fe ca
ef d4
d9 6d
00 00
1f 5f
72 20
36 5f
00 00
5e cd
01 fe
e9 7c
00 00
a0 00
00 00
00 00
00 00
ca 2c
79 d9
ec 68
00 00
fe 61
c4 61
19 e4
00 00
04 39
5b f6
f5 d5
00 00
14 70
00 00
00 00
00 00
0c 8f
dd 3f
2a fb
00 00
87 75
79 06
d5 9c
00 00
8e f5
0e f8
fd 3c
00 00
57 22
00 00
00 00
00 00
99 64
06 8a
64 46
00 00
b2 28
72 dc
69 16
00 00
bf ea
61 27
49 4b
00 00
f6 da
00 00
00 00
00 00
3a b7
f3 06
f4 e6
00 00
95 85
ee 13
02 85
00 00
96 ea
94 e6
db dc
00 00
cb 4d
00 00
00 00
00 00
eb 22
3d 15
e7 03
00 00
76 b8
7d 68
03 07
00 00
39 f7
65 01
d0 bb
00 00
26 a3
00 00
00 00
00 00
52 ce
e5 b3
0d 01
00 00
df 7f
fd 60
ee 0e
00 00
33 7a
4c 8c
ff 16
00 00
44 51
00 00
00 00
00 00
fa e0
20 1c
70 55
00 00
f1 29
56 e9
03 e1
00 00
42 3c
c9 5f
97 9d
00 00
ff 2c
00 00
00 00
00 00
b4 13
9d 83
76 1b
00 00
ff da
d6 be
00 7b
00 00
ca 40
e8 5f
d5 4a
00 00
ff a2
00 00
00 00
00 00
75 39
cf 3c
b5 5b
00 00
13 52
37 3b
78 f8
00 00
4a 6e
c5 68
7b c4
00 00
2b 4a
00 00
00 00
00 00
01 00
df 4d
26 58
00 00
01 25
c1 7e
ef 6d
00 00
11 bf
01 91
0c 51
00 00
2c 00
00 00
00 00
00 00
34 33
f4 01
2c 60
00 00
27 69
f9 fe
5c f8
00 00
e6 d2
e7 27
00 78
00 00
d8 23
00 00
00 00
00 00
13 98
b1 4e
03 0c
00 00
7b 2a
13 f9
10 84
00 00
02 9e
04 6a
d0 93
00 00
01 23
00 00
00 00
00 00
07 f9
7a 4e
58 c5
00 00
90 fe
34 c7
0d c2
00 00
3a c2
03 57
01 e7
00 00
ff fe
00 00
00 00
00 00
d2 70
02 e3
71 11
00 00
4d 52
76 fd
13 fe
00 00
41 0e
d5 83
87 76
00 00
83 02
00 00
00 00
00 00
00 00
00 00
00 00
00 00
00 00
00 00
00 00
00 00
00 00
00 00
00 00
00 00
00 00
00 00
00 00
00 00
00 00
00 00
00 00
00 00
00 00
00 00
00 00
00 00
00 00
00 00
00 00
00 00
00 00
00 00
00 00
00 00
00 00
00 00
00 00
00 00
00 00
00 00
00 00
00 00
00 00
00 00
00 00
00 00
00 00
00 00
00 00
00 00
00 00
00 00
00 00
00 00
00 00
00 00
00 00
00 00
00 00
00 00
00 00
00 00
00 00
00 00
00 00
00 00
00 00
00 00
00 00
00 00
00 00
00 00
00 00
00 00
00 00
00 00
00 00
00 00
00 00
00 00
00 00
00 00
00 00
00 00
00 00
00 00
00 00
00 00
00 00
00 00
00 00
00 00
00 00
00 00
00 00
00 00
00 00
00 00
00 00
00 00
00 00
00 00
00 00
00 00
00 00
00 00
00 00
00 00
00 00
00 00
00 00
00 00
00 00
00 00
00 00
00 00
00 00
00 00
00 00
00 00
00 00
00 00
00 00
00 00
00 00
00 00
00 00
00 00
00 00
00 00
00 00
00 00
00 00
00 00
00 00
00 00
00 00
00 00
00 00
00 00
00 00
00 00
00 00
00 00
00 00
00 00
00 00
00 00
00 00
00 00
00 00
00 00
00 00
00 00
00 00
00 00
00 00
00 00
00 00
00 00
00 00
00 00
00 00
00 00
00 00
00 00
00 00
00 00
00 00
00 00
00 00
00 00
00 00
00 00
00 00
00 00
00 00
00 00
00 00
00 00
00 00
00 00
00 00
00 00
00 00
00 00
00 00
00 00
00 00
00 00
00 00
00 00
00 00
00 00
00 00
00 00
00 00
00 00
00 00
00 00
00 00
00 00
00 00
00 00
00 00
00 00
00 00
00 00
00 00
00 00
00 00
00 00
00 00
00 00
00 00
00 00
00 00
00 00
00 00
00 00
00 00
00 00
00 00
00 00
00 00
00 00
fe d4
4e 76
bb 00
cd 14
3f 28
d4 00
00 00
00 00
00 00
00 00
00 00
00 00
00 00
00 00
00 00
00 00
00 00
00 00
00 00
00 00
00 00
00 00
00 00
00 00
00 00
00 00
00 00
00 00
00 00
00 00
00 00
00 00
00 00
00 00
00 00
00 00
00 00
00 00
00 00
00 00
00 00
00 00
00 00
00 00
00 00
00 00
00 00
00 00
00 00
00 00
00 00
00 00
00 00
00 00
00 00
00 00
00 00
00 00
00 00
00 00
00 00
00 00
00 00
00 00
00 00
00 00
00 00
00 00
00 00
00 00
00 00
00 00
00 00
00 00
00 00
00 00
00 00
00 00
00 00
00 00
00 00
00 00
00 00
00 00
00 00
00 00
00 00
00 00
00 00
00 00
00 00
00 00
00 00
00 00
00 00
00 00
00 00
00 00
00 00
00 00
00 00
00 00
00 00
00 00
00 00
00 00
00 00
00 00
00 00
00 00
00 00
00 00
00 00
00 00
00 00
00 00
00 00
00 00
00 00
00 00
00 00
00 00
00 00
00 00
00 00
00 00
00 00
00 00
00 00
00 00
00 00
00 00
00 00
00 00
00 00
00 00
00 00
00 00
00 00
00 00
00 00
00 00
00 00
00 00
00 00
00 00
00 00
00 00
00 00
00 00
00 00
00 00
00 00
00 00
00 00
00 00
00 00
00 00
00 00
00 00
00 00
00 00
00 00
00 00
00 00
00 00
00 00
00 00
00 00
00 00
00 00
00 00
00 00
00 00
00 00
00 00
00 00
00 00
00 00
00 00
00 00
00 00
00 00
00 00
00 00
00 00
00 00
00 00
00 00
00 00
00 00
00 00
00 00
00 00
00 00
00 00
00 00
00 00
00 00
00 00
00 00
00 00
00 00
00 00
00 00
00 00
00 00
00 00
00 00
00 00
00 00
00 00
00 00
00 00
00 00
00 00
00 00
00 00
00 00
00 00
00 00
00 00
00 00
00 00
00 00
00 00
00 00
00 00
00 00
00 00
00 00
00 00
00 00
00 00
00 00
00 00
00 00
00 00
00 00
00 00
00 00
00 00
00 00
00 00
00 00
00 00
00 00
00 00
00 00
00 00
00 00
00 00
00 00
00 00
00 00
00 00
00 00
00 00
00 00
00 00
00 00
00 00
00 00
00 00
00 00
00 00
00 00
00 00
00 00
00 00
00 00
00 00
00 00
00 00
00 00
00 00
00 00
00 00
00 00
00 00
00 00
00 00
00 00
00 00
00 00
00 00
00 00
00 00
00 00
00 00
00 00
00 00
00 00
00 00
00 00
00 00
00 00
00 00
00 00
00 00
00 00
00 00
00 00
00 00
00 00
00 00
00 00
00 00
00 00
00 00
00 00
00 00
00 00
00 00
00 00
00 00
00 00
00 00
00 00
00 00
00 00
00 00
00 00
00 00
00 00
00 00
00 00
00 00
00 00
00 00
00 00
00 00
00 00
00 00
00 00
00 00
00 00
00 00
00 00
00 00
00 00
00 00
00 00
00 00
00 00
00 00
00 00
00 00
00 00
00 00
00 00
00 00
00 00
00 00
00 00
00 00
00 00
00 00
00 00
00 00
00 00
00 00
00 00
00 00
00 00
00 00
00 00
00 00
00 00
00 00
00 00
00 00
00 00
00 00
00 00
00 00
00 00
00 00
00 00
00 00
00 00
00 00
00 00
00 00
00 00
00 00
00 00
00 00
00 00
00 00
00 00
00 00
00 00
00 00
00 00
00 00
00 00
00 00
00 00
00 00
00 00
00 00
00 00
00 00
00 00
00 00
00 00
00 00
00 00
00 00
00 00
00 00
00 00
00 00
00 00
00 00
00 00
00 00
00 00
00 00
00 00
00 00
00 00
00 00
00 00
00 00
00 00
00 00
00 00
00 00
00 00
00 00
00 00
00 00
00 00
00 00
00 00
00 00
00 00
00 00
00 00
00 00
00 00
00 00
00 00
00 00
00 00
00 00
00 00
00 00
00 00
00 00
00 00
00 00
00 00
00 00
00 00
00 00
00 00
00 00
00 00
00 00
00 00
00 00
00 00
00 00
00 00
00 00
00 00
00 00
00 00
00 00
00 00
00 00
00 00
00 00
00 00
00 00
00 00
00 00
00 00
00 00
00 00
00 00
00 00
00 00
00 00
00 00
00 00
00 00
00 00
00 00
00 00
00 00
00 00
00 00
00 00
00 00
00 00
00 00
00 00
00 00
00 00
00 00
00 00
00 00
00 00
00 00
00 00
00 00
00 00
00 00
00 00
00 00
00 00
00 00
00 00
00 00
00 00
00 00
00 00
00 00
00 00
00 00
00 00
00 00
00 00
00 00
00 00
00 00
00 00
00 00
00 00
00 00
00 00
00 00
00 00
00 00
00 00
00 00
00 00
00 00
00 00
00 00
00 00
00 00
00 00
00 00
00 00
00 00
00 00
00 00
00 00
00 00
00 00
00 00
00 00
00 00
00 00
00 00
00 00
00 00
00 00
00 00
00 00
00 00
00 00
00 00
00 00
00 00
00 00
00 00
00 00
00 00
00 00
00 00
00 00
00 00
00 00
00 00
00 00
00 00
00 00
00 00
00 00
00 00
00 00
00 00
00 00
00 00
00 00
00 00
00 00
00 00
00 00
00 00
00 00
00 00
00 00
00 00
00 00
00 00
00 00
00 00
00 00
00 00
00 00
00 00
00 00
00 00
00 00
00 00
00 00
00 00
00 00
00 00
00 00
00 00
00 00
00 00
00 00
00 00
00 00
00 00
00 00
00 00
00 00
00 00
00 00
00 00
00 00
00 00
00 00
00 00
00 00
00 00
00 00
00 00
00 00
00 00
00 00
00 00
00 00
00 00
00 00
00 00
00 00
00 00
00 00
00 00
00 00
00 00
00 00
00 00
00 00
00 00
00 00
00 00
00 00
00 00
00 00
00 00
00 00
00 00
00 00
00 00
00 00
00 00
00 00
00 00
00 00
00 00
00 00
00 00
00 00
00 00
00 00
00 00
00 00
00 00
00 00
00 00
00 00
00 00
00 00
00 00
00 00
00 00
00 00
00 00
00 00
00 00
00 00
00 00
00 00
00 00
00 00
00 00
00 00
00 00
00 00
00 00
00 00
00 00
00 00
00 00
00 00
00 00
00 00
00 00
00 00
00 00
00 00
00 00
00 00
00 00
00 00
00 00
00 00
00 00
00 00
00 00
00 00
00 00
00 00
00 00
00 00
00 00
00 00
00 00
00 00
00 00
00 00
00 00
00 00
00 00
00 00
00 00
00 00
00 00
00 00
00 00
00 00
00 00
00 00
00 00
00 00
00 00
00 00
00 00
00 00
00 00
00 00
00 00
00 00
00 00
00 00
00 00
00 00
00 00
00 00
00 00
00 00
00 00
00 00
00 00
00 00
00 00
00 00
00 00
00 00
00 00
00 00
00 00
00 00
00 00
00 00
00 00
00 00
00 00
00 00
00 00
00 00
00 00
00 00
00 00
00 00
00 00
00 00
00 00
00 00
00 00
00 00
00 00
00 00
00 00
00 00
00 00
00 00
00 00
00 00
00 00
00 00
00 00
00 00
00 00
00 00
00 00
00 00
00 00
00 00
00 00
00 00
00 00
00 00
00 00
00 00
00 00
00 00
00 00
00 00
00 00
00 00
00 00
00 00
00 00
00 00
00 00
00 00
00 00
00 00
00 00
00 00
00 00
00 00
00 00
00 00
00 00
00 00
00 00
00 00
00 00
00 00
00 00
00 00
00 00
00 00
00 00
00 00
00 00
00 00
00 00
00 00
00 00
00 00
00 00
00 00
00 00
00 00
00 00
00 00
00 00
00 00
00 00
00 00
00 00
00 00
00 00
00 00
00 00
00 00
00 00
00 00
00 00
00 00
00 00
00 00
00 00
00 00
00 00
00 00
00 00
00 00
00 00
00 00
00 00
00 00
00 00
00 00
00 00
00 00
00 00
00 00
00 00
00 00
00 00
00 00
00 00
00 00
00 00
00 00
00 00
00 00
00 00
00 00
00 00
00 00
00 00
00 00
00 00
00 00
00 00
00 00
00 00
00 00
00 00
00 00
00 00
00 00
00 00
00 00
00 00
00 00
00 00
00 00
00 00
00 00
00 00
00 00
00 00
00 00
00 00
00 00
00 00
00 00
00 00
00 00
00 00
00 00
00 00
00 00
00 00
00 00
00 00
00 00
00 00
00 00
00 00
00 00
00 00
00 00
00 00
00 00
00 00
00 00
00 00
00 00
00 00
00 00
00 00
00 00
00 00
00 00
00 00
00 00
00 00
00 00
00 00
00 00
00 00
00 00
00 00
00 00
00 00
00 00
00 00
00 00
00 00
00 00
00 00
00 00
00 00
00 00
00 00
00 00
00 00
00 00
00 00
00 00
00 00
00 00
00 00
00 00
00 00
00 00
00 00
00 00
00 00
00 00
00 00
00 00
00 00
00 00
00 00
00 00
00 00
00 00
00 00
00 00
00 00
00 00
00 00
00 00
00 00
00 00
00 00
00 00
00 00
00 00
00 00
00 00
00 00
00 00
00 00
d8 8a
08 79
e0 00
7c 71
3d 78
04 00
fe fc
92 8c
47 00
94 43
00 e5
18 00
31 e4
52 00
f8 00
02 5e
b6 00
12 00
37 95
01 17
cf 00
41 ff
8d 0a
84 00
2b ca
7f 68
fa 00
8b c2
6a cb
d0 00
52 2e
33 b4
1b 00
59 ee
ff b0
0d 00
d5 3f
a2 7f
01 00
c7 15
b5 8b
17 00
af e5
5c dd
c0 00
54 82
88 ca
00 00
00 00
00 00
00 00
00 00
00 00
00 00
00 00
00 00
00 00
00 00
00 00
00 00
00 00
00 00
00 00
00 00
00 00
00 00
00 00
00 00
00 00
00 00
00 00
00 00
00 00
00 00
00 00
00 00
00 00
00 00
00 00
00 00
00 00
00 00
00 00
00 00
00 00
00 00
00 00
00 00
00 00
00 00
00 00
00 00
00 00
00 00
00 00
00 00
00 00
00 00
00 00
00 00
00 00
00 00
00 00
00 00
00 00
00 00
00 00
00 00
00 00
00 00
00 00
00 00
00 00
00 00
00 00
00 00
00 00
00 00
00 00
00 00
00 00
00 00
00 00
00 00
00 00
00 00
00 00
00 00
00 00
00 00
00 00
00 00
00 00
00 00
00 00
00 00
00 00
00 00
00 00
00 00
00 00
00 00
00 00
00 00
00 00
00 00
00 00
00 00
00 00
00 00
00 00
00 00
00 00
00 00
00 00
00 00
00 00
00 00
00 00
00 00
00 00
00 00
00 00
00 00
00 00
00 00
00 00
00 00
00 00
00 00
00 00
00 00
00 00
00 00
00 00
00 00
00 00
00 00
00 00
00 00
00 00
00 00
00 00
00 00
00 00
00 00
00 00
00 00
00 00
00 00
00 00
00 00
00 00
00 00
00 00
00 00
00 00
00 00
00 00
00 00
00 00
00 00
00 00
00 00
00 00
00 00
00 00
00 00
00 00
00 00
00 00
00 00
00 00
00 00
00 00
00 00
00 00
00 00
00 00
00 00
00 00
00 00
00 00
00 00
00 00
00 00
00 00
00 00
00 00
00 00
00 00
00 00
00 00
00 00
00 00
00 00
00 00
00 00
00 00
00 00
00 00
00 00
00 00
00 00
00 00
00 00
00 00
00 00
00 00
00 00
00 00
00 00
00 00
00 00
00 00
00 00
00 00
00 00
00 00
00 00
00 00
00 00
00 00
00 00
00 00
00 00
00 00
00 00
00 00
00 00
00 00
00 00
00 00
00 00
00 00
00 00
00 00
00 00
00 00
00 00
00 00
00 00
00 00
00 00
00 00
00 00
00 00
00 00
00 00
00 00
00 00
00 00
00 00
00 00
00 00
00 00
00 00
00 00
00 00
00 00
00 00
00 00
00 00
00 00
00 00
00 00
00 00
00 00
00 00
00 00
00 00
00 00
00 00
00 00
00 00
00 00
00 00
00 00
00 00
00 00
00 00
00 00
00 00
00 00
00 00
00 00
00 00
00 00
00 00
00 00
00 00
00 00
00 00
00 00
00 00
00 00
00 00
00 00
00 00
00 00
00 00
00 00
00 00
00 00
00 00
00 00
00 00
00 00
00 00
00 00
00 00
00 00
00 00
00 00
00 00
00 00
00 00
00 00
00 00
00 00
00 00
00 00
00 00
00 00
00 00
00 00
00 00
00 00
00 00
00 00
00 00
00 00
00 00
00 00
00 00
00 00
00 00
00 00
00 00
00 00
00 00
00 00
00 00
00 00
00 00
00 00
00 00
00 00
00 00
00 00
00 00
00 00
00 00
00 00
00 00
00 00
00 00
00 00
00 00
00 00
00 00
00 00
00 00
00 00
00 00
00 00
00 00
00 00
00 00
00 00
00 00
00 00
00 00
00 00
00 00
00 00
00 00
00 00
00 00
00 00
00 00
00 00
00 00
00 00
00 00
00 00
00 00
00 00
00 00
00 00
00 00
00 00
00 00
00 00
00 00
00 00
00 00
00 00
00 00
00 00
00 00
00 00
00 00
00 00
00 00
00 00
00 00
00 00
00 00
00 00
00 00
00 00
00 00
00 00
00 00
00 00
00 00
00 00
00 00
00 00
00 00
00 00
00 00
00 00
00 00
00 00
00 00
00 00
00 00
00 00
00 00
00 00
00 00
00 00
00 00
00 00
00 00
00 00
00 00
00 00
00 00
00 00
00 00
00 00
00 00
00 00
00 00
00 00
00 00
00 00
00 00
00 00
00 00
00 00
00 00
00 00
00 00
00 00
00 00
00 00
00 00
00 00
00 00
00 00
00 00
00 00
00 00
00 00
00 00
00 00
00 00
00 00
00 00
00 00
00 00
00 00
00 00
00 00
00 00
00 00
00 00
00 00
00 00
00 00
00 00
00 00
00 00
00 00
00 00
00 00
00 00
00 00
00 00
00 00
00 00
00 00
00 00
00 00
00 00
00 00
00 00
00 00
00 00
00 00
00 00
00 00
00 00
00 00
00 00
00 00
00 00
00 00
00 00
00 00
00 00
00 00
00 00
00 00
00 00
00 00
00 00
00 00
00 00
00 00
00 00
00 00
00 00
00 00
00 00
00 00
00 00
00 00
00 00
00 00
00 00
00 00
00 00
00 00
00 00
00 00
00 00
00 00
00 00
00 00
00 00
00 00
00 00
00 00
00 00
00 00
00 00
00 00
00 00
00 00
00 00
00 00
00 00
00 00
00 00
00 00
00 00
00 00
00 00
00 00
00 00
00 00
00 00
00 00
00 00
00 00
00 00
00 00
00 00
00 00
00 00
00 00
00 00
00 00
00 00
00 00
00 00
00 00
00 00
00 00
00 00
00 00
00 00
00 00
00 00
00 00
00 00
00 00
00 00
00 00
00 00
00 00
00 00
00 00
00 00
00 00
00 00
00 00
00 00
00 00
00 00
00 00
00 00
00 00
00 00
00 00
00 00
00 00
00 00
00 00
00 00
00 00
00 00
00 00
00 00
00 00
00 00
00 00
00 00
00 00
00 00
00 00
00 00
00 00
00 00
00 00
00 00
00 00
00 00
00 00
00 00
00 00
00 00
00 00
00 00
00 00
00 00
00 00
00 00
00 00
00 00
00 00
00 00
00 00
00 00
00 00
00 00
00 00
00 00
00 00
00 00
00 00
00 00
00 00
00 00
00 00
00 00
00 00
00 00
00 00
00 00
00 00
00 00
00 00
00 00
00 00
00 00
00 00
00 00
00 00
00 00
00 00
00 00
00 00
00 00
00 00
00 00
00 00
00 00
00 00
00 00
00 00
00 00
00 00
00 00
00 00
00 00
00 00
00 00
00 00
00 00
00 00
00 00
00 00
00 00
00 00
00 00
00 00
00 00
00 00
00 00
00 00
00 00
00 00
00 00
00 00
00 00
00 00
00 00
00 00
00 00
00 00
00 00
00 00
00 00
00 00
00 00
00 00
00 00
00 00
00 00
00 00
00 00
00 00
00 00
00 00
00 00
00 00
00 00
00 00
00 00
00 00
00 00
00 00
00 00
00 00
00 00
00 00
00 00
00 00
00 00
00 00
00 00
00 00
00 00
00 00
00 00
00 00
00 00
00 00
00 00
00 00
00 00
00 00
00 00
00 00
00 00
00 00
00 00
00 00
00 00
00 00
00 00
00 00
00 00
00 00
00 00
00 00
00 00
00 00
00 00
00 00
00 00
00 00
00 00
00 00
00 00
00 00
00 00
00 00
00 00
00 00
00 00
00 00
00 00
00 00
00 00
00 00
00 00
00 00
00 00
00 00
00 00
00 00
00 00
00 00
00 00
00 00
00 00
00 00
00 00
00 00
00 00
00 00
00 00
00 00
00 00
00 00
00 00
00 00
00 00
00 00
00 00
00 00
00 00
00 00
00 00
00 00
00 00
00 00
00 00
00 00
00 00
00 00
00 00
00 00
00 00
00 00
00 00
00 00
00 00
00 00
00 00
00 00
00 00
00 00
00 00
00 00
00 00
00 00
00 00
00 00
00 00
00 00
00 00
00 00
00 00
00 00
00 00
00 00
00 00
00 00
00 00
00 00
00 00
00 00
00 00
00 00
00 00
00 00
00 00
00 00
00 00
00 00
00 00
00 00
00 00
00 00
00 00
00 00
00 00
00 00
00 00
00 00
00 00
00 00
00 00
00 00
00 00
00 00
00 00
00 00
00 00
00 00
00 00
00 00
00 00
00 00
00 00
00 00
00 00
00 00
00 00
00 00
00 00
00 00
00 00
00 00
00 00
00 00
00 00
00 00
00 00
00 00
00 00
00 00
00 00
00 00
00 00
00 00
00 00
00 00
00 00
00 00
00 00
00 00
00 00
00 00
00 00
00 00
00 00
00 00
00 00
00 00
00 00
00 00
00 00
00 00
00 00
00 00
00 00
00 00
00 00
00 00
00 00
00 00
00 00
00 00
00 00
00 00
00 00
00 00
00 00
00 00
00 00
00 00
00 00
00 00
00 00
00 00
00 00
00 00
00 00
00 00
00 00
00 00
00 00
00 00
00 00
00 00
00 00
00 00
00 00
00 00
00 00
00 00
00 00
00 00
00 00
00 00
00 00
00 00
00 00
00 00
00 00
00 00
00 00
00 00
00 00
00 00
5a 8d
fe 05
a3 b9
c0 bd
06 4c
d2 d9
3f e9
da 00
fc c7
ed 23
9f d6
73 08
fa 00
00 9a
f0 f8
09 54
30 65
97 01
fa 6e
c6 0e
9f f9
cc 77
05 fe
f4 47
57 8e
16 30
ff 20
e2 1c
02 7a
08 02
7a a8
bd f8
d6 fe
be 0a
47 d5
10 9b
c0 1f
13 02
0d a1
4a fb
23 88
17 35
02 d6
e3 35
f8 28
fc 65
37 00
fc 73
0a 73
f9 42
02 93
89 02
70 07
ec 94
30 0e
fd 04
f8 30
08 a2
8f 26
e0 05
67 04
95 b3
00 fe
f8 2c
2b 94
fe d0
62 49
f9 ef
11 f4
af 44
04 08
11 46
d0 00
f8 03
d5 03
4e 3d
5e 57
fa fc
08 08
f7 02
9f f8
82 2c
fe 0a
d9 08
01 99
67 86
01 92
94 db
00 07
00 96
08 fe
60 a0
01 a3
00 03
2c 01
de 6b
35 45
63 ad
00 f9
00 1f
41 5e
d9 fe
f7 ed
08 13
27 fc
04 b0
4e de
fc 1a
d6 60
f1 86
d5 63
07 f7
ff f7
e2 2d
fe ff
65 fa
58 6b
34 04
09 9c
d2 1a
e5 02
01 78
43 b1
f8 2f
2a 50
af a9
e6 a7
bb f8
64 fe
00 05
c3 f5
95 f2
00 03
fa 08
ca 54
02 4e
57 65
c8 71
31 f5
00 11
2f 2b
f8 1a
22 10
aa f7
1e da
08 e0
e0 36
09 8c
13 fe
0c 75
b4 cf
ef ff
9b 8d
de 42
f8 ff
d1 5d
09 f8
fa 34
b9 e3
5a e6
fd 02
f9 65
dd 48
fc 02
d7 1f
c7 01
08 fa
06 3c
fd 00
fe 5c
02 a5
ac a8
d4 1c
bb e7
2d fd
d0 bf
f6 f7
2c 5c
6d 09
df d6
07 f7
78 fa
ac bd
fa 01
f8 af
fa fd
15 b9
00 04
1b ff
af 73
5e fb
08 00
5c 94
00 69
14 33
04 e4
34 d0
87 ff
bf 1c
f9 38
4a e7
08 05
fe fc
e8 fa
41 05
07 08
fb 6d
9d 07
a1 56
1d 56
61 3c
00 ce
09 db
f7 c3
0f 00
f2 54
ff 1f
2f fc
9f 00
0b 08
f7 00
53 03
42 fd
3c 79
08 ae
4a a9
01 47
2f fc
02 f8
c7 4e
73 30
cf 19
fb ff
a3 ad
99 01
06 09
fb 06
09 98
07 00
fe 74
fe b8
36 43
74 02
4f c8
fd ff
85 22
00 6e
00 fc
ff ed
56 eb
05 00
fb ff
3d d7
16 07
1a 03
a1 04
fe 12
a6 4b
f9 cc
56 04
94 a6
75 7c
5e d0
43 02
42 8f
01 63
04 0b
d7 97
de 08
04 02
6f 2e
fb 46
8d 07
40 7d
f0 00
06 f5
1d fe
a3 01
cf be
03 1e
cd 03
f8 f0
01 14
0e 71
bd f7
69 02
ea bb
f2 be
01 01
a8 cf
b6 08
08 8e
50 5a
57 be
02 07
19 fe
c5 91
05 fe
18 3e
f9 fb
fd de
0d 0e
eb ff
01 fe
f8 02
08 03
fe 29
08 06
f7 ec
07 dd
dd 02
43 fe
32 ff
0d fa
db 00
f7 2d
63 e3
c8 57
59 fa
3e fa
d9 ff
39 0c
49 08
e6 fa
f1 07
b8 f7
94 5a
71 00
f5 00
31 fe
07 00
21 00
fe fc
f8 17
d4 32
a6 05
5a 00
ff d4
27 cf
03 38
3e e0
19 71
26 39
9f a6
a3 ac
6b 04
db 24
fd 31
04 be
fe f9
07 0e
f8 f1
f7 33
dd 94
76 01
fd 0f
a7 04
19 fd
db b3
0d fe
5c a2
02 ef
a5 fe
68 6f
fe 10
4d fe
03 19
4e 82
00 5b
01 fa
f9 02
1d d3
02 95
dc 4c
01 ff
ae 9c
93 fc
39 8f
16 49
fe 8a
c7 03
54 4c
d9 ec
c8 09
52 8f
5c 8d
fd 5e
5f ef
35 f4
00 a9
08 a7
00 09
7e ac
13 ff
04 00
62 08
93 0e
00 ee
7b 00
10 31
d6 1d
87 f6
dc fe
cd 33
fa fb
0c fe
c4 46
a4 bd
b1 48
49 c0
00 dd
54 c2
5f e9
84 02
01 fc
fc 01
fd ce
fb 42
fe 2c
5b 4e
fb d5
b2 10
2d 08
95 74
d7 f9
b9 71
00 ed
c6 0d
df 06
08 01
02 ff
d3 f3
00 00
00 00
00 00
00 00
00 00
00 00
00 00
00 00
00 00
00 00
00 00
00 00
00 00
00 00
00 00
00 00
00 00
00 00
00 00
00 00
00 00
00 00
00 00
00 00
00 00
00 00
00 00
00 00
00 00
00 00
00 00
00 00
00 00
00 00
00 00
00 00
00 00
00 00
00 00
00 00
00 00
00 00
00 00
00 00
00 00
00 00
00 00
00 00
00 00
00 00
00 00
00 00
00 00
00 00
00 00
00 00
00 00
00 00
00 00
00 00
00 00
00 00
00 00
00 00
00 00
00 00
00 00
00 00
00 00
00 00
00 00
00 00
00 00
00 00
00 00
00 00
00 00
00 00
00 00
00 00
00 00
00 00
00 00
00 00
00 00
00 00
00 00
00 00
00 00
00 00
00 00
00 00
00 00
00 00
00 00
00 00
00 00
00 00
00 00
00 00
00 00
00 00
00 00
00 00
00 00
00 00
00 00
00 00
00 00
00 00
00 00
00 00
00 00
00 00
00 00
00 00
00 00
00 00
00 00
00 00
00 00
00 00
00 00
00 00
00 00
00 00
00 00
00 00
00 00
00 00
00 00
00 00
00 00
00 00
00 00
00 00
00 00
00 00
00 00
00 00
00 00
00 00
00 00
00 00
00 00
00 00
00 00
00 00
00 00
00 00
00 00
00 00
00 00
00 00
00 00
00 00
00 00
00 00
00 00
00 00
00 00
00 00
00 00
00 00
00 00
00 00
00 00
00 00
00 00
00 00
00 00
00 00
00 00
00 00
00 00
00 00
00 00
00 00
00 00
00 00
00 00
00 00
00 00
00 00
00 00
00 00
00 00
00 00
00 00
00 00
00 00
00 00
00 00
00 00
00 00
00 00
00 00
00 00
00 00
00 00
00 00
00 00
00 00
00 00
00 00
00 00
00 00
00 00
00 00
00 00
00 00
00 00
00 00
00 00
00 00
00 00
00 00
00 00
00 00
00 00
00 00
00 00
00 00
00 00
00 00
00 00
00 00
00 00
00 00
00 00
00 00
00 00
00 00
00 00
00 00
00 00
00 00
00 00
00 00
00 00
00 00
00 00
00 00
00 00
00 00
00 00
00 00
00 00
00 00
00 00
00 00
00 00
00 00
00 00
00 00
00 00
00 00
00 00
00 00
00 00
00 00
00 00
00 00
00 00
00 00
00 00
00 00
00 00
00 00
00 00
00 00
00 00
00 00
00 00
00 00
00 00
00 00
00 00
00 00
00 00
00 00
00 00
00 00
00 00
00 00
00 00
00 00
00 00
00 00
00 00
00 00
00 00
00 00
00 00
00 00
00 00
00 00
00 00
00 00
00 00
00 00
00 00
00 00
00 00
00 00
00 00
00 00
00 00
00 00
00 00
00 00
00 00
00 00
00 00
00 00
00 00
00 00
00 00
00 00
00 00
00 00
00 00
00 00
00 00
00 00
00 00
00 00
00 00
00 00
00 00
00 00
00 00
00 00
00 00
00 00
00 00
00 00
00 00
00 00
00 00
00 00
00 00
00 00
00 00
00 00
00 00
00 00
00 00
00 00
00 00
00 00
00 00
00 00
00 00
00 00
00 00
00 00
00 00
00 00
00 00
00 00
00 00
00 00
00 00
00 00
00 00
00 00
00 00
00 00
00 00
00 00
00 00
00 00
00 00
00 00
00 00
00 00
00 00
00 00
00 00
00 00
00 00
00 00
00 00
00 00
00 00
00 00
00 00
00 00
00 00
00 00
00 00
00 00
00 00
00 00
00 00
00 00
00 00
00 00
00 00
00 00
00 00
00 00
00 00
00 00
00 00
00 00
00 00
00 00
00 00
00 00
00 00
00 00
00 00
00 00
00 00
00 00
00 00
00 00
00 00
00 00
00 00
00 00
00 00
00 00
00 00
00 00
00 00
00 00
00 00
00 00
00 00
00 00
00 00
00 00
00 00
00 00
00 00
00 00
00 00
00 00
00 00
00 00
00 00
00 00
00 00
00 00
00 00
00 00
00 00
00 00
00 00
00 00
00 00
00 00
00 00
00 00
00 00
00 00
00 00
00 00
00 00
00 00
00 00
00 00
00 00
00 00
00 00
00 00
00 00
00 00
00 00
00 00
00 00
00 00
00 00
00 00
00 00
00 00
00 00
00 00
00 00
00 00
00 00
00 00
00 00
00 00
00 00
00 00
00 00
00 00
00 00
00 00
00 00
00 00
00 00
00 00
00 00
00 00
00 00
00 00
00 00
00 00
00 00
00 00
00 00
00 00
00 00
00 00
00 00
00 00
00 00
00 00
00 00
00 00
00 00
00 00
00 00
00 00
00 00
00 00
00 00
00 00
00 00
00 00
00 00
00 00
00 00
00 00
00 00
00 00
00 00
00 00
00 00
00 00
00 00
00 00
00 00
00 00
00 00
00 00
00 00
00 00
00 00
00 00
00 00
00 00
00 00
00 00
00 00
00 00
00 00
00 00
00 00
00 00
00 00
00 00
00 00
00 00
00 00
00 00
00 00
00 00
00 00
00 00
00 00
00 00
00 00
00 00
00 00
00 00
00 00
00 00
00 00
00 00
00 00
00 00
00 00
00 00
00 00
00 00
00 00
00 00
00 00
00 00
00 00
00 00
00 00
00 00
00 00
00 00
00 00
