c1 43
13 d1
00 00
00 00
26 f3
14 fe
00 00
00 00
3a 6d
bc fe
00 00
00 00
00 00
00 00
00 00
00 00
62 f9
54 66
00 00
00 00
02 14
8f 73
00 00
00 00
8f e2
1d 00
00 00
00 00
00 00
00 00
00 00
00 00
51 f2
b6 82
00 00
00 00
ff 6d
ff 6f
00 00
00 00
01 15
01 0c
00 00
00 00
00 00
00 00
00 00
00 00
21 08
73 af
00 00
00 00
90 85
41 9c
00 00
00 00
f2 bc
4a 89
00 00
00 00
00 00
00 00
00 00
00 00
d9 b3
fa 01
00 00
00 00
55 cb
39 d3
00 00
00 00
49 41
a8 ef
00 00
00 00
00 00
00 00
00 00
00 00
ef 8e
54 68
00 00
00 00
00 32
99 11
00 00
00 00
e4 5b
88 00
00 00
00 00
00 00
00 00
00 00
00 00
3f 53
c1 e6
00 00
00 00
02 75
87 fe
00 00
00 00
a4 ff
ec 8c
00 00
00 00
00 00
00 00
00 00
00 00
eb 86
d3 69
00 00
00 00
ce f8
2c 57
00 00
00 00
c1 3b
20 02
00 00
00 00
00 00
00 00
00 00
00 00
71 4a
b1 1a
00 00
00 00
21 e6
b0 ca
00 00
00 00
f2 93
76 c0
00 00
00 00
00 00
00 00
00 00
00 00
f9 f8
00 c6
00 00
00 00
c0 ff
ea 6f
00 00
00 00
8b 93
d9 a0
00 00
00 00
00 00
00 00
00 00
00 00
9b 84
44 7c
00 00
00 00
33 5c
ac fd
00 00
00 00
fe 48
bd 89
00 00
00 00
00 00
00 00
00 00
00 00
f5 f3
bb 01
00 00
00 00
e6 4b
6c c7
00 00
00 00
e9 c5
56 74
00 00
00 00
00 00
00 00
00 00
00 00
55 da
e8 51
00 00
00 00
ff 3e
3b 8a
00 00
00 00
16 9f
04 0e
00 00
00 00
00 00
00 00
00 00
00 00
3b 47
8a b9
00 00
00 00
eb 1f
f9 21
00 00
00 00
06 a6
ff 10
00 00
00 00
00 00
00 00
00 00
00 00
8f fd
59 ff
00 00
00 00
4d bc
26 50
00 00
00 00
ed 1c
e6 ff
00 00
00 00
00 00
00 00
00 00
00 00
da 86
5c fd
00 00
00 00
fa 14
d2 8d
00 00
00 00
a3 fc
dd 30
00 00
00 00
00 00
00 00
00 00
00 00
66 de
ed 2b
00 00
00 00
d8 fd
ed 91
00 00
00 00
41 56
da f6
00 00
00 00
00 00
00 00
00 00
00 00
54 04
16 27
00 00
00 00
ca 9a
8d b9
00 00
00 00
ef 40
a6 05
00 00
00 00
00 00
00 00
00 00
00 00
82 90
47 0f
00 00
00 00
fa b7
1d a0
00 00
00 00
61 66
bc c9
00 00
00 00
00 00
00 00
00 00
00 00
ff 03
c4 8d
00 00
00 00
31 5f
89 04
00 00
00 00
d7 1a
ab cf
00 00
00 00
00 00
00 00
00 00
00 00
03 8b
02 53
00 00
00 00
01 6e
a9 2a
00 00
00 00
41 9f
0f 71
00 00
00 00
00 00
00 00
00 00
00 00
12 e4
14 5a
00 00
00 00
91 d4
f5 4d
00 00
00 00
87 86
9d 7c
00 00
00 00
00 00
00 00
00 00
00 00
83 20
cd 9c
00 00
00 00
82 78
1b 45
00 00
00 00
df 95
fb df
00 00
00 00
00 00
00 00
00 00
00 00
ba 70
1d 63
00 00
00 00
c4 4f
1a 9c
00 00
00 00
57 04
15 72
00 00
00 00
00 00
00 00
00 00
00 00
d7 9f
8c ff
00 00
00 00
eb 25
15 99
00 00
00 00
42 38
21 4f
00 00
00 00
00 00
00 00
00 00
00 00
02 18
19 c7
00 00
00 00
9a 28
bf f6
00 00
00 00
51 50
3c 02
00 00
00 00
00 00
00 00
00 00
00 00
29 99
03 ef
00 00
00 00
98 53
01 70
00 00
00 00
ae ea
d5 08
00 00
00 00
00 00
00 00
00 00
00 00
f9 61
b9 2c
00 00
00 00
be 3e
85 52
00 00
00 00
81 15
bc 0e
00 00
00 00
00 00
00 00
00 00
00 00
6e dc
6b e9
00 00
00 00
cc a1
4b 40
00 00
00 00
56 a0
92 23
00 00
00 00
00 00
00 00
00 00
00 00
0a ab
7a 01
00 00
00 00
00 eb
d4 16
00 00
00 00
0c 01
22 0c
00 00
00 00
00 00
00 00
00 00
00 00
05 9e
b9 00
00 00
00 00
fa fe
fe c1
00 00
00 00
b5 eb
39 70
00 00
00 00
00 00
00 00
00 00
00 00
7d e3
6b dd
00 00
00 00
c2 cb
65 e5
00 00
00 00
e1 c9
f6 b1
00 00
00 00
00 00
00 00
00 00
00 00
e0 af
7a 1f
00 00
00 00
0c f3
05 b2
00 00
00 00
19 19
34 25
00 00
00 00
00 00
00 00
00 00
00 00
b6 2a
d0 00
00 00
00 00
d7 f3
58 5d
00 00
00 00
e1 44
fc ae
00 00
00 00
00 00
00 00
00 00
00 00
2e 7c
42 e0
00 00
00 00
6d 97
f2 f9
00 00
00 00
26 1e
86 8c
00 00
00 00
00 00
00 00
00 00
00 00
60 00
92 b6
00 00
00 00
39 8f
0d c0
00 00
00 00
1a 91
59 12
00 00
00 00
00 00
00 00
00 00
00 00
35 1c
c2 a5
00 00
00 00
fd c5
e1 75
00 00
00 00
4a 00
a6 fc
00 00
00 00
00 00
00 00
00 00
00 00
d1 5e
04 0f
00 00
00 00
fd 4a
e1 13
00 00
00 00
2d d3
fd 74
00 00
00 00
00 00
00 00
00 00
00 00
c1 72
23 98
00 00
00 00
a6 53
c1 9f
00 00
00 00
7e 3d
30 06
00 00
00 00
00 00
00 00
00 00
00 00
72 a4
ef 39
00 00
00 00
7d 70
4d ee
00 00
00 00
72 74
aa ff
00 00
00 00
00 00
00 00
00 00
00 00
f0 ba
66 06
00 00
00 00
02 1d
24 08
00 00
00 00
4b 06
22 e3
00 00
00 00
00 00
00 00
00 00
00 00
fc 77
c9 ff
00 00
00 00
ea 8a
d4 b2
00 00
00 00
3b 5a
60 6f
00 00
00 00
00 00
00 00
00 00
00 00
f3 f5
a5 99
00 00
00 00
3c 14
fd c8
00 00
00 00
fe 53
65 c3
00 00
00 00
00 00
00 00
00 00
00 00
06 53
00 00
00 00
00 00
90 eb
be 20
00 00
00 00
03 a2
03 00
00 00
00 00
00 00
00 00
00 00
00 00
1f 2a
29 31
00 00
00 00
86 f3
01 cd
00 00
00 00
00 85
94 17
00 00
00 00
00 00
00 00
00 00
00 00
18 5f
98 fe
00 00
00 00
99 bc
f8 b1
00 00
00 00
e6 b6
00 ff
00 00
00 00
00 00
00 00
00 00
00 00
6d 34
6e 6e
00 00
00 00
49 22
b6 93
00 00
00 00
fe 5d
4b 8f
00 00
00 00
00 00
00 00
00 00
00 00
a9 01
04 34
00 00
00 00
75 6e
6b d2
00 00
00 00
be 13
51 c4
00 00
00 00
00 00
00 00
00 00
00 00
78 bc
05 b8
00 00
00 00
6a 5d
73 c7
00 00
00 00
e1 8b
ae f1
00 00
00 00
00 00
00 00
00 00
00 00
a5 40
95 19
00 00
00 00
9f e5
e8 e5
00 00
00 00
86 de
a8 a3
00 00
00 00
00 00
00 00
00 00
00 00
00 00
00 00
00 00
00 00
00 00
00 00
00 00
00 00
00 00
00 00
00 00
00 00
00 00
00 00
00 00
00 00
00 00
00 00
00 00
00 00
00 00
00 00
00 00
00 00
00 00
00 00
00 00
00 00
00 00
00 00
00 00
00 00
00 00
00 00
00 00
00 00
00 00
00 00
00 00
00 00
00 00
00 00
00 00
00 00
00 00
00 00
00 00
00 00
00 00
00 00
00 00
00 00
00 00
00 00
00 00
00 00
00 00
00 00
00 00
00 00
00 00
00 00
00 00
00 00
00 00
00 00
00 00
00 00
00 00
00 00
00 00
00 00
00 00
00 00
00 00
00 00
00 00
00 00
00 00
00 00
00 00
00 00
00 00
00 00
00 00
00 00
00 00
00 00
00 00
00 00
00 00
00 00
00 00
00 00
00 00
00 00
00 00
00 00
00 00
00 00
00 00
00 00
00 00
00 00
00 00
00 00
00 00
00 00
00 00
00 00
00 00
00 00
00 00
00 00
00 00
00 00
00 00
00 00
00 00
00 00
00 00
00 00
00 00
00 00
00 00
00 00
00 00
00 00
00 00
00 00
00 00
00 00
00 00
00 00
00 00
00 00
00 00
00 00
00 00
00 00
00 00
00 00
00 00
00 00
00 00
00 00
00 00
00 00
00 00
00 00
00 00
00 00
00 00
00 00
00 00
00 00
00 00
00 00
00 00
00 00
00 00
00 00
00 00
00 00
00 00
00 00
00 00
00 00
00 00
00 00
00 00
00 00
00 00
00 00
00 00
00 00
00 00
00 00
00 00
00 00
00 00
00 00
00 00
00 00
00 00
00 00
00 00
00 00
00 00
00 00
00 00
00 00
00 00
00 00
00 00
00 00
00 00
00 00
00 00
00 00
00 00
00 00
00 00
00 00
00 00
00 00
00 00
00 00
00 00
00 00
00 00
00 00
00 00
00 00
00 00
00 00
00 00
00 00
00 00
00 00
00 00
00 00
00 00
00 00
e3 53
d0 10
00 00
ce b4
12 94
00 00
00 00
00 00
00 00
00 00
00 00
00 00
00 00
00 00
00 00
00 00
00 00
00 00
00 00
00 00
00 00
00 00
00 00
00 00
00 00
00 00
00 00
00 00
00 00
00 00
00 00
00 00
00 00
00 00
00 00
00 00
00 00
00 00
00 00
00 00
00 00
00 00
00 00
00 00
00 00
00 00
00 00
00 00
00 00
00 00
00 00
00 00
00 00
00 00
00 00
00 00
00 00
00 00
00 00
00 00
00 00
00 00
00 00
00 00
00 00
00 00
00 00
00 00
00 00
00 00
00 00
00 00
00 00
00 00
00 00
00 00
00 00
00 00
00 00
00 00
00 00
00 00
00 00
00 00
00 00
00 00
00 00
00 00
00 00
00 00
00 00
00 00
00 00
00 00
00 00
00 00
00 00
00 00
00 00
00 00
00 00
00 00
00 00
00 00
00 00
00 00
00 00
00 00
00 00
00 00
00 00
00 00
00 00
00 00
00 00
00 00
00 00
00 00
00 00
00 00
00 00
00 00
00 00
00 00
00 00
00 00
00 00
00 00
00 00
00 00
00 00
00 00
00 00
00 00
00 00
00 00
00 00
00 00
00 00
00 00
00 00
00 00
00 00
00 00
00 00
00 00
00 00
00 00
00 00
00 00
00 00
00 00
00 00
00 00
00 00
00 00
00 00
00 00
00 00
00 00
00 00
00 00
00 00
00 00
00 00
00 00
00 00
00 00
00 00
00 00
00 00
00 00
00 00
00 00
00 00
00 00
00 00
00 00
00 00
00 00
00 00
00 00
00 00
00 00
00 00
00 00
00 00
00 00
00 00
00 00
00 00
00 00
00 00
00 00
00 00
00 00
00 00
00 00
00 00
00 00
00 00
00 00
00 00
00 00
00 00
00 00
00 00
00 00
00 00
00 00
00 00
00 00
00 00
00 00
00 00
00 00
00 00
00 00
00 00
00 00
00 00
00 00
00 00
00 00
00 00
00 00
00 00
00 00
00 00
00 00
00 00
00 00
00 00
00 00
00 00
00 00
00 00
00 00
00 00
00 00
00 00
00 00
00 00
00 00
00 00
00 00
00 00
00 00
00 00
00 00
00 00
00 00
00 00
00 00
00 00
00 00
00 00
00 00
00 00
00 00
00 00
00 00
00 00
00 00
00 00
00 00
00 00
00 00
00 00
00 00
00 00
00 00
00 00
00 00
00 00
00 00
00 00
00 00
00 00
00 00
00 00
00 00
00 00
00 00
00 00
00 00
00 00
00 00
00 00
00 00
00 00
00 00
00 00
00 00
00 00
00 00
00 00
00 00
00 00
00 00
00 00
00 00
00 00
00 00
00 00
00 00
00 00
00 00
00 00
00 00
00 00
00 00
00 00
00 00
00 00
00 00
00 00
00 00
00 00
00 00
00 00
00 00
00 00
00 00
00 00
00 00
00 00
00 00
00 00
00 00
00 00
00 00
00 00
00 00
00 00
00 00
00 00
00 00
00 00
00 00
00 00
00 00
00 00
00 00
00 00
00 00
00 00
00 00
00 00
00 00
00 00
00 00
00 00
00 00
00 00
00 00
00 00
00 00
00 00
00 00
00 00
00 00
00 00
00 00
00 00
00 00
00 00
00 00
00 00
00 00
00 00
00 00
00 00
00 00
00 00
00 00
00 00
00 00
00 00
00 00
00 00
00 00
00 00
00 00
00 00
00 00
00 00
00 00
00 00
00 00
00 00
00 00
00 00
00 00
00 00
00 00
00 00
00 00
00 00
00 00
00 00
00 00
00 00
00 00
00 00
00 00
00 00
00 00
00 00
00 00
00 00
00 00
00 00
00 00
00 00
00 00
00 00
00 00
00 00
00 00
00 00
00 00
00 00
00 00
00 00
00 00
00 00
00 00
00 00
00 00
00 00
00 00
00 00
00 00
00 00
00 00
00 00
00 00
00 00
00 00
00 00
00 00
00 00
00 00
00 00
00 00
00 00
00 00
00 00
00 00
00 00
00 00
00 00
00 00
00 00
00 00
00 00
00 00
00 00
00 00
00 00
00 00
00 00
00 00
00 00
00 00
00 00
00 00
00 00
00 00
00 00
00 00
00 00
00 00
00 00
00 00
00 00
00 00
00 00
00 00
00 00
00 00
00 00
00 00
00 00
00 00
00 00
00 00
00 00
00 00
00 00
00 00
00 00
00 00
00 00
00 00
00 00
00 00
00 00
00 00
00 00
00 00
00 00
00 00
00 00
00 00
00 00
00 00
00 00
00 00
00 00
00 00
00 00
00 00
00 00
00 00
00 00
00 00
00 00
00 00
00 00
00 00
00 00
00 00
00 00
00 00
00 00
00 00
00 00
00 00
00 00
00 00
00 00
00 00
00 00
00 00
00 00
00 00
00 00
00 00
00 00
00 00
00 00
00 00
00 00
00 00
00 00
00 00
00 00
00 00
00 00
00 00
00 00
00 00
00 00
00 00
00 00
00 00
00 00
00 00
00 00
00 00
00 00
00 00
00 00
00 00
00 00
00 00
00 00
00 00
00 00
00 00
00 00
00 00
00 00
00 00
00 00
00 00
00 00
00 00
00 00
00 00
00 00
00 00
00 00
00 00
00 00
00 00
00 00
00 00
00 00
00 00
00 00
00 00
00 00
00 00
00 00
00 00
00 00
00 00
00 00
00 00
00 00
00 00
00 00
00 00
00 00
00 00
00 00
00 00
00 00
00 00
00 00
00 00
00 00
00 00
00 00
00 00
00 00
00 00
00 00
00 00
00 00
00 00
00 00
00 00
00 00
00 00
00 00
00 00
00 00
00 00
00 00
00 00
00 00
00 00
00 00
00 00
00 00
00 00
00 00
00 00
00 00
00 00
00 00
00 00
00 00
00 00
00 00
00 00
00 00
00 00
00 00
00 00
00 00
00 00
00 00
00 00
00 00
00 00
00 00
00 00
00 00
00 00
00 00
00 00
00 00
00 00
00 00
00 00
00 00
00 00
00 00
00 00
00 00
00 00
00 00
00 00
00 00
00 00
00 00
00 00
00 00
00 00
00 00
00 00
00 00
00 00
00 00
00 00
00 00
00 00
00 00
00 00
00 00
00 00
00 00
00 00
00 00
00 00
00 00
00 00
00 00
00 00
00 00
00 00
00 00
00 00
00 00
00 00
00 00
00 00
00 00
00 00
00 00
00 00
00 00
00 00
00 00
00 00
00 00
00 00
00 00
00 00
00 00
00 00
00 00
00 00
00 00
00 00
00 00
00 00
00 00
00 00
00 00
00 00
00 00
00 00
00 00
00 00
00 00
00 00
00 00
00 00
00 00
00 00
00 00
00 00
00 00
00 00
00 00
00 00
00 00
00 00
00 00
00 00
00 00
00 00
00 00
00 00
00 00
00 00
00 00
00 00
00 00
00 00
00 00
00 00
00 00
00 00
00 00
00 00
00 00
00 00
00 00
00 00
00 00
00 00
00 00
00 00
00 00
00 00
00 00
00 00
00 00
00 00
00 00
00 00
00 00
00 00
00 00
00 00
00 00
00 00
00 00
00 00
00 00
00 00
00 00
00 00
00 00
00 00
00 00
00 00
00 00
00 00
00 00
00 00
00 00
00 00
00 00
00 00
00 00
00 00
00 00
00 00
00 00
00 00
00 00
00 00
00 00
00 00
00 00
00 00
00 00
00 00
00 00
00 00
00 00
00 00
00 00
00 00
00 00
00 00
00 00
00 00
00 00
00 00
00 00
00 00
00 00
00 00
00 00
00 00
00 00
00 00
00 00
00 00
00 00
00 00
00 00
00 00
00 00
00 00
00 00
00 00
00 00
00 00
00 00
00 00
00 00
00 00
00 00
00 00
00 00
00 00
00 00
00 00
00 00
00 00
00 00
00 00
00 00
00 00
00 00
00 00
00 00
00 00
00 00
00 00
00 00
00 00
00 00
00 00
00 00
00 00
00 00
00 00
00 00
00 00
00 00
00 00
00 00
00 00
00 00
00 00
00 00
00 00
00 00
00 00
00 00
00 00
00 00
00 00
00 00
00 00
00 00
00 00
00 00
00 00
00 00
00 00
00 00
00 00
00 00
00 00
00 00
00 00
00 00
00 00
00 00
00 00
00 00
00 00
00 00
00 00
00 00
00 00
00 00
00 00
00 00
00 00
00 00
00 00
00 00
00 00
00 00
00 00
00 00
00 00
00 00
00 00
00 00
00 00
00 00
00 00
00 00
00 00
00 00
00 00
00 00
00 00
00 00
00 00
00 00
00 00
00 00
00 00
00 00
00 00
00 00
00 00
00 00
00 00
00 00
00 00
00 00
00 00
00 00
00 00
00 00
00 00
00 00
00 00
00 00
00 00
00 00
00 00
00 00
00 00
00 00
00 00
00 00
00 00
00 00
00 00
00 00
00 00
00 00
00 00
00 00
00 00
00 00
00 00
00 00
00 00
00 00
00 00
00 00
00 00
00 00
00 00
00 00
00 00
00 00
00 00
00 00
00 00
00 00
00 00
00 00
00 00
00 00
00 00
00 00
00 00
00 00
00 00
00 00
00 00
00 00
00 00
00 00
00 00
18 ec
62 fa
00 00
2f 7d
a8 8a
00 00
01 85
28 74
00 00
ed 01
e6 3e
00 00
02 00
62 54
00 00
ff a4
85 23
00 00
72 43
fa 04
00 00
fe 07
ad 8a
00 00
41 76
fd 5b
00 00
a5 56
13 b6
00 00
38 ef
62 b8
00 00
96 c9
d2 a2
00 00
57 ff
68 02
00 00
00 8b
ae f1
00 00
b0 a2
66 90
00 00
aa fe
ff b6
00 00
00 00
00 00
00 00
00 00
00 00
00 00
00 00
00 00
00 00
00 00
00 00
00 00
00 00
00 00
00 00
00 00
00 00
00 00
00 00
00 00
00 00
00 00
00 00
00 00
00 00
00 00
00 00
00 00
00 00
00 00
00 00
00 00
00 00
00 00
00 00
00 00
00 00
00 00
00 00
00 00
00 00
00 00
00 00
00 00
00 00
00 00
00 00
00 00
00 00
00 00
00 00
00 00
00 00
00 00
00 00
00 00
00 00
00 00
00 00
00 00
00 00
00 00
00 00
00 00
00 00
00 00
00 00
00 00
00 00
00 00
00 00
00 00
00 00
00 00
00 00
00 00
00 00
00 00
00 00
00 00
00 00
00 00
00 00
00 00
00 00
00 00
00 00
00 00
00 00
00 00
00 00
00 00
00 00
00 00
00 00
00 00
00 00
00 00
00 00
00 00
00 00
00 00
00 00
00 00
00 00
00 00
00 00
00 00
00 00
00 00
00 00
00 00
00 00
00 00
00 00
00 00
00 00
00 00
00 00
00 00
00 00
00 00
00 00
00 00
00 00
00 00
00 00
00 00
00 00
00 00
00 00
00 00
00 00
00 00
00 00
00 00
00 00
00 00
00 00
00 00
00 00
00 00
00 00
00 00
00 00
00 00
00 00
00 00
00 00
00 00
00 00
00 00
00 00
00 00
00 00
00 00
00 00
00 00
00 00
00 00
00 00
00 00
00 00
00 00
00 00
00 00
00 00
00 00
00 00
00 00
00 00
00 00
00 00
00 00
00 00
00 00
00 00
00 00
00 00
00 00
00 00
00 00
00 00
00 00
00 00
00 00
00 00
00 00
00 00
00 00
00 00
00 00
00 00
00 00
00 00
00 00
00 00
00 00
00 00
00 00
00 00
00 00
00 00
00 00
00 00
00 00
00 00
00 00
00 00
00 00
00 00
00 00
00 00
00 00
00 00
00 00
00 00
00 00
00 00
00 00
00 00
00 00
00 00
00 00
00 00
00 00
00 00
00 00
00 00
00 00
00 00
00 00
00 00
00 00
00 00
00 00
00 00
00 00
00 00
00 00
00 00
00 00
00 00
00 00
00 00
00 00
00 00
00 00
00 00
00 00
00 00
00 00
00 00
00 00
00 00
00 00
00 00
00 00
00 00
00 00
00 00
00 00
00 00
00 00
00 00
00 00
00 00
00 00
00 00
00 00
00 00
00 00
00 00
00 00
00 00
00 00
00 00
00 00
00 00
00 00
00 00
00 00
00 00
00 00
00 00
00 00
00 00
00 00
00 00
00 00
00 00
00 00
00 00
00 00
00 00
00 00
00 00
00 00
00 00
00 00
00 00
00 00
00 00
00 00
00 00
00 00
00 00
00 00
00 00
00 00
00 00
00 00
00 00
00 00
00 00
00 00
00 00
00 00
00 00
00 00
00 00
00 00
00 00
00 00
00 00
00 00
00 00
00 00
00 00
00 00
00 00
00 00
00 00
00 00
00 00
00 00
00 00
00 00
00 00
00 00
00 00
00 00
00 00
00 00
00 00
00 00
00 00
00 00
00 00
00 00
00 00
00 00
00 00
00 00
00 00
00 00
00 00
00 00
00 00
00 00
00 00
00 00
00 00
00 00
00 00
00 00
00 00
00 00
00 00
00 00
00 00
00 00
00 00
00 00
00 00
00 00
00 00
00 00
00 00
00 00
00 00
00 00
00 00
00 00
00 00
00 00
00 00
00 00
00 00
00 00
00 00
00 00
00 00
00 00
00 00
00 00
00 00
00 00
00 00
00 00
00 00
00 00
00 00
00 00
00 00
00 00
00 00
00 00
00 00
00 00
00 00
00 00
00 00
00 00
00 00
00 00
00 00
00 00
00 00
00 00
00 00
00 00
00 00
00 00
00 00
00 00
00 00
00 00
00 00
00 00
00 00
00 00
00 00
00 00
00 00
00 00
00 00
00 00
00 00
00 00
00 00
00 00
00 00
00 00
00 00
00 00
00 00
00 00
00 00
00 00
00 00
00 00
00 00
00 00
00 00
00 00
00 00
00 00
00 00
00 00
00 00
00 00
00 00
00 00
00 00
00 00
00 00
00 00
00 00
00 00
00 00
00 00
00 00
00 00
00 00
00 00
00 00
00 00
00 00
00 00
00 00
00 00
00 00
00 00
00 00
00 00
00 00
00 00
00 00
00 00
00 00
00 00
00 00
00 00
00 00
00 00
00 00
00 00
00 00
00 00
00 00
00 00
00 00
00 00
00 00
00 00
00 00
00 00
00 00
00 00
00 00
00 00
00 00
00 00
00 00
00 00
00 00
00 00
00 00
00 00
00 00
00 00
00 00
00 00
00 00
00 00
00 00
00 00
00 00
00 00
00 00
00 00
00 00
00 00
00 00
00 00
00 00
00 00
00 00
00 00
00 00
00 00
00 00
00 00
00 00
00 00
00 00
00 00
00 00
00 00
00 00
00 00
00 00
00 00
00 00
00 00
00 00
00 00
00 00
00 00
00 00
00 00
00 00
00 00
00 00
00 00
00 00
00 00
00 00
00 00
00 00
00 00
00 00
00 00
00 00
00 00
00 00
00 00
00 00
00 00
00 00
00 00
00 00
00 00
00 00
00 00
00 00
00 00
00 00
00 00
00 00
00 00
00 00
00 00
00 00
00 00
00 00
00 00
00 00
00 00
00 00
00 00
00 00
00 00
00 00
00 00
00 00
00 00
00 00
00 00
00 00
00 00
00 00
00 00
00 00
00 00
00 00
00 00
00 00
00 00
00 00
00 00
00 00
00 00
00 00
00 00
00 00
00 00
00 00
00 00
00 00
00 00
00 00
00 00
00 00
00 00
00 00
00 00
00 00
00 00
00 00
00 00
00 00
00 00
00 00
00 00
00 00
00 00
00 00
00 00
00 00
00 00
00 00
00 00
00 00
00 00
00 00
00 00
00 00
00 00
00 00
00 00
00 00
00 00
00 00
00 00
00 00
00 00
00 00
00 00
00 00
00 00
00 00
00 00
00 00
00 00
00 00
00 00
00 00
00 00
00 00
00 00
00 00
00 00
00 00
00 00
00 00
00 00
00 00
00 00
00 00
00 00
00 00
00 00
00 00
00 00
00 00
00 00
00 00
00 00
00 00
00 00
00 00
00 00
00 00
00 00
00 00
00 00
00 00
00 00
00 00
00 00
00 00
00 00
00 00
00 00
00 00
00 00
00 00
00 00
00 00
00 00
00 00
00 00
00 00
00 00
00 00
00 00
00 00
00 00
00 00
00 00
00 00
00 00
00 00
00 00
00 00
00 00
00 00
00 00
00 00
00 00
00 00
00 00
00 00
00 00
00 00
00 00
00 00
00 00
00 00
00 00
00 00
00 00
00 00
00 00
00 00
00 00
00 00
00 00
00 00
00 00
00 00
00 00
00 00
00 00
00 00
00 00
00 00
00 00
00 00
00 00
00 00
00 00
00 00
00 00
00 00
00 00
00 00
00 00
00 00
00 00
00 00
00 00
00 00
00 00
00 00
00 00
00 00
00 00
00 00
00 00
00 00
00 00
00 00
00 00
00 00
00 00
00 00
00 00
00 00
00 00
00 00
00 00
00 00
00 00
00 00
00 00
00 00
00 00
00 00
00 00
00 00
00 00
00 00
00 00
00 00
00 00
00 00
00 00
00 00
00 00
00 00
00 00
00 00
00 00
00 00
00 00
00 00
00 00
00 00
00 00
00 00
00 00
00 00
00 00
00 00
00 00
00 00
00 00
00 00
00 00
00 00
00 00
00 00
00 00
00 00
00 00
00 00
00 00
00 00
00 00
00 00
00 00
00 00
00 00
00 00
00 00
00 00
00 00
00 00
00 00
00 00
00 00
00 00
00 00
00 00
00 00
00 00
00 00
00 00
00 00
00 00
00 00
00 00
00 00
00 00
00 00
00 00
00 00
00 00
00 00
00 00
00 00
00 00
00 00
00 00
00 00
00 00
00 00
00 00
00 00
00 00
00 00
00 00
00 00
00 00
00 00
00 00
00 00
00 00
00 00
00 00
00 00
00 00
00 00
00 00
00 00
00 00
00 00
00 00
00 00
00 00
00 00
00 00
00 00
00 00
00 00
00 00
00 00
00 00
00 00
00 00
00 00
00 00
00 00
00 00
00 00
00 00
00 00
00 00
00 00
00 00
00 00
00 00
00 00
00 00
00 00
00 00
00 00
00 00
00 00
00 00
00 00
00 00
00 00
00 00
00 00
00 00
00 00
00 00
00 00
00 00
00 00
00 00
00 00
00 00
00 00
00 00
00 00
00 00
00 00
00 00
00 00
00 00
00 00
00 00
00 00
00 00
00 00
00 00
00 00
00 00
00 00
00 00
00 00
04 27
fb 04
05 03
04 ec
27 8c
03 7b
7c 3f
43 56
00 0e
f4 fa
f8 3b
05 f3
2d 00
d1 f6
0c be
03 00
01 02
b1 6b
45 ff
fa 04
fa 7d
01 00
e9 02
d3 03
05 96
d4 fa
72 08
b5 ac
08 f6
98 fe
0b 06
74 d1
d3 f8
25 33
ec 83
1e 2f
ce 07
e5 57
e2 f8
ff bb
39 e2
83 47
08 a1
be f2
89 c2
02 0b
f7 0a
c2 00
08 cd
89 25
4b ff
fe ba
07 f9
01 74
c5 54
dd 99
28 9a
ba a0
08 79
3c 39
fa 0b
9a 49
a0 a8
02 22
3e ba
8a d8
b1 fd
61 09
e1 0b
01 46
6c 4a
68 5f
08 27
9a fd
bc ee
b0 08
27 e3
c8 78
fb e4
cb b6
6a bd
00 f0
fa cc
21 fc
d5 58
62 d2
03 04
62 40
7b 97
28 f8
99 c8
1f 2b
9e 00
b4 02
e4 00
00 5c
c0 1b
be ca
79 e1
05 89
ff fe
02 01
b3 e8
4d 5a
6c 60
2b ad
2c 08
f8 73
10 ca
0a 6e
f9 fa
f7 8c
c6 c9
fc 02
41 00
ff 42
c4 49
07 d1
65 0d
cd e2
5a 9c
00 f8
07 00
75 07
02 b7
a7 73
1b 97
08 f8
ff 93
b8 af
bb 84
b7 98
02 08
08 00
fd 62
7e b7
05 9b
e8 f7
c8 c3
aa 22
00 0f
07 bd
02 97
73 32
78 ce
07 8e
f9 41
99 b0
04 de
fd 02
06 d2
c3 02
c1 f7
e7 f7
02 c1
26 58
01 02
e1 4f
e1 d5
f9 74
00 13
6e a5
79 9b
e0 fa
88 b0
c7 00
48 4b
f8 b2
02 cc
e9 0f
e6 01
ae b3
05 08
c5 e3
08 c1
fe 02
b3 a9
02 c1
22 8d
08 01
eb ea
fa 01
f9 92
78 55
07 90
1c c3
ac fc
17 af
fc f8
89 06
fe bb
f9 02
33 68
0a 57
f9 67
38 da
fb b0
87 d8
01 01
02 4f
f6 00
00 3b
40 f9
02 83
37 12
01 bc
00 08
08 92
00 5a
af f7
e9 9b
7f fe
51 aa
02 c1
06 00
04 f8
9d 72
2d 65
02 3a
45 61
86 00
79 fb
0e cb
5e 04
32 00
eb 44
92 0e
f6 b7
f8 00
3f 69
d0 0a
00 ff
04 11
c5 77
03 62
1b 34
fc 48
8c fe
6f 5b
23 4c
f8 08
6c 08
8e b1
f9 dd
54 7e
e9 f7
08 5c
02 79
02 fa
44 04
9e 6d
03 87
f7 f8
2a fc
50 66
df ce
03 08
fb ba
5b 94
2a 97
cf c6
fa 08
ce af
0e 27
02 fa
29 cf
63 1b
c0 00
02 e0
8d f6
c1 d5
00 02
5d e2
a8 f5
ef 44
66 fd
08 5f
02 dd
fa 00
03 ff
a9 0c
5c 0f
bc f9
bb 07
45 c3
0a c9
43 ad
a3 c8
fc fd
00 7c
8e fe
f8 d3
2d b5
04 fe
03 6a
8b 4b
44 60
a9 01
b7 a9
5d a4
1c 08
a0 1d
fc 34
2a f7
3b 14
09 07
fe 3c
df a2
02 a5
6d 0e
00 17
c4 c9
ce fc
08 f8
5b fe
02 fe
af 03
f1 f5
1b 82
01 fb
49 e9
ac 04
17 1c
4f 8f
a3 01
45 79
46 44
5b 06
ca fd
53 f6
86 43
4f 68
59 07
f8 66
7b fe
bd 08
fe 6b
17 08
b8 2c
01 dc
bb 5d
07 0f
96 46
73 11
4b 06
52 df
b7 42
00 a7
e1 78
f3 f9
07 19
00 06
02 b0
fc 76
7d 07
71 20
07 a8
ca df
a4 72
b3 6d
ee c1
ae 35
00 e2
82 9d
a8 07
41 64
d5 00
07 02
1a 2c
4a 03
09 00
00 08
0f dc
3a e4
fb 32
c2 fd
2c 01
21 cc
07 13
2f 07
ba f8
eb 8d
c5 17
8b 01
c6 b2
06 67
0c 13
dc e6
f1 f3
37 37
bc db
6a 0e
07 a4
00 a6
db e8
f3 f9
92 ec
28 fe
ae 2d
79 fe
05 c5
7a 28
a9 86
a0 fb
fe cb
f2 03
02 fd
57 fe
70 01
ab ad
8e 05
6e 01
da 00
be 63
4f fb
01 fe
7d 02
01 f8
4c 00
67 09
4e 17
02 ef
02 e0
fd d4
4e 2b
03 09
94 c9
c3 f9
33 fe
12 23
09 03
5d d4
00 00
00 00
00 00
00 00
00 00
00 00
00 00
00 00
00 00
00 00
00 00
00 00
00 00
00 00
00 00
00 00
00 00
00 00
00 00
00 00
00 00
00 00
00 00
00 00
00 00
00 00
00 00
00 00
00 00
00 00
00 00
00 00
00 00
00 00
00 00
00 00
00 00
00 00
00 00
00 00
00 00
00 00
00 00
00 00
00 00
00 00
00 00
00 00
00 00
00 00
00 00
00 00
00 00
00 00
00 00
00 00
00 00
00 00
00 00
00 00
00 00
00 00
00 00
00 00
00 00
00 00
00 00
00 00
00 00
00 00
00 00
00 00
00 00
00 00
00 00
00 00
00 00
00 00
00 00
00 00
00 00
00 00
00 00
00 00
00 00
00 00
00 00
00 00
00 00
00 00
00 00
00 00
00 00
00 00
00 00
00 00
00 00
00 00
00 00
00 00
00 00
00 00
00 00
00 00
00 00
00 00
00 00
00 00
00 00
00 00
00 00
00 00
00 00
00 00
00 00
00 00
00 00
00 00
00 00
00 00
00 00
00 00
00 00
00 00
00 00
00 00
00 00
00 00
00 00
00 00
00 00
00 00
00 00
00 00
00 00
00 00
00 00
00 00
00 00
00 00
00 00
00 00
00 00
00 00
00 00
00 00
00 00
00 00
00 00
00 00
00 00
00 00
00 00
00 00
00 00
00 00
00 00
00 00
00 00
00 00
00 00
00 00
00 00
00 00
00 00
00 00
00 00
00 00
00 00
00 00
00 00
00 00
00 00
00 00
00 00
00 00
00 00
00 00
00 00
00 00
00 00
00 00
00 00
00 00
00 00
00 00
00 00
00 00
00 00
00 00
00 00
00 00
00 00
00 00
00 00
00 00
00 00
00 00
00 00
00 00
00 00
00 00
00 00
00 00
00 00
00 00
00 00
00 00
00 00
00 00
00 00
00 00
00 00
00 00
00 00
00 00
00 00
00 00
00 00
00 00
00 00
00 00
00 00
00 00
00 00
00 00
00 00
00 00
00 00
00 00
00 00
00 00
00 00
00 00
00 00
00 00
00 00
00 00
00 00
00 00
00 00
00 00
00 00
00 00
00 00
00 00
00 00
00 00
00 00
00 00
00 00
00 00
00 00
00 00
00 00
00 00
00 00
00 00
00 00
00 00
00 00
00 00
00 00
00 00
00 00
00 00
00 00
00 00
00 00
00 00
00 00
00 00
00 00
00 00
00 00
00 00
00 00
00 00
00 00
00 00
00 00
00 00
00 00
00 00
00 00
00 00
00 00
00 00
00 00
00 00
00 00
00 00
00 00
00 00
00 00
00 00
00 00
00 00
00 00
00 00
00 00
00 00
00 00
00 00
00 00
00 00
00 00
00 00
00 00
00 00
00 00
00 00
00 00
00 00
00 00
00 00
00 00
00 00
00 00
00 00
00 00
00 00
00 00
00 00
00 00
00 00
00 00
00 00
00 00
00 00
00 00
00 00
00 00
00 00
00 00
00 00
00 00
00 00
00 00
00 00
00 00
00 00
00 00
00 00
00 00
00 00
00 00
00 00
00 00
00 00
00 00
00 00
00 00
00 00
00 00
00 00
00 00
00 00
00 00
00 00
00 00
00 00
00 00
00 00
00 00
00 00
00 00
00 00
00 00
00 00
00 00
00 00
00 00
00 00
00 00
00 00
00 00
00 00
00 00
00 00
00 00
00 00
00 00
00 00
00 00
00 00
00 00
00 00
00 00
00 00
00 00
00 00
00 00
00 00
00 00
00 00
00 00
00 00
00 00
00 00
00 00
00 00
00 00
00 00
00 00
00 00
00 00
00 00
00 00
00 00
00 00
00 00
00 00
00 00
00 00
00 00
00 00
00 00
00 00
00 00
00 00
00 00
00 00
00 00
00 00
00 00
00 00
00 00
00 00
00 00
00 00
00 00
00 00
00 00
00 00
00 00
00 00
00 00
00 00
00 00
00 00
00 00
00 00
00 00
00 00
00 00
00 00
00 00
00 00
00 00
00 00
00 00
00 00
00 00
00 00
00 00
00 00
00 00
00 00
00 00
00 00
00 00
00 00
00 00
00 00
00 00
00 00
00 00
00 00
00 00
00 00
00 00
00 00
00 00
00 00
00 00
00 00
00 00
00 00
00 00
00 00
00 00
00 00
00 00
00 00
00 00
00 00
00 00
00 00
00 00
00 00
00 00
00 00
00 00
00 00
00 00
00 00
00 00
00 00
00 00
00 00
00 00
00 00
00 00
00 00
00 00
00 00
00 00
00 00
00 00
00 00
00 00
00 00
00 00
00 00
00 00
00 00
00 00
00 00
00 00
00 00
00 00
00 00
00 00
00 00
00 00
00 00
00 00
00 00
00 00
00 00
00 00
00 00
00 00
00 00
00 00
00 00
00 00
00 00
00 00
00 00
00 00
00 00
00 00
00 00
00 00
00 00
00 00
00 00
00 00
00 00
00 00
00 00
00 00
00 00
00 00
00 00
00 00
00 00
00 00
00 00
00 00
00 00
00 00
00 00
00 00
00 00
00 00
00 00
00 00
00 00
00 00
00 00
00 00
00 00
00 00
00 00
00 00
00 00
00 00
00 00
00 00
00 00
00 00
00 00
00 00
00 00
00 00
00 00
00 00
00 00
00 00
