-21
11
-32
-32
0
-3
-1
-46
14
0
-22
-48
6
0
0
-40
-87
-38
-6
-63
0
-58
0
-115
0
-112
6
-73
0
-106
0
-149
2
-68
0
-91
-47
0
0
23
-9
0
5
0
-94
-1
-15
0
-99
0
-16
0
-7
0
-7
0
-8
-36
-53
0
-105
0
-9
-26
-11
0
7
-15
-41
0
-32
0
27
3
-5
16
-44
57
-50
-70
32
-104
-13
-41
41
15
83
-48
67
18
24
-19
56
-47
-61
14
-21
-74
-15
-69
34
-30
20
21
0
0
0
0
0
0
0
0
0
0
0
0
0
0
0
0
-49
-37
5
-73
-21
9
0
-76
-70
-64
-22
-93
-27
-23
0
-65
-111
-50
0
-150
17
-219
-6
-177
-20
-199
10
-123
0
-217
0
-189
-7
-181
11
-189
-38
0
-22
0
-55
0
-44
0
-69
0
-9
0
-71
0
-22
3
-27
0
-94
-19
-22
0
-59
0
-135
0
-15
0
-115
0
-66
-2
-52
5
3
0
16
-35
18
22
-86
72
-102
-102
67
-186
-50
-72
84
49
149
-97
104
29
71
-59
70
-127
-113
7
-26
-157
1
-135
101
-25
56
35
0
0
0
0
0
0
0
0
0
0
0
0
0
0
0
0
-85
-88
0
-103
-72
-22
-59
-105
-63
-95
-23
-125
-20
6
0
-86
-170
-77
0
-292
-4
-306
0
-256
0
-334
1
-153
0
-388
0
-337
-36
-220
0
-344
-6
0
-69
0
-80
5
-81
17
-50
0
-21
0
-169
0
-15
0
-57
0
-171
0
-52
0
-98
0
-177
20
-44
-5
-171
0
-58
-16
-70
0
-22
0
5
-71
39
28
-128
87
-154
-134
102
-268
-87
-103
127
83
0
-146
141
40
118
-99
84
-207
-165
0
-31
-240
15
-201
0
-20
92
49
11
-30
23
33
8
0
-25
-11
40
-1
14
-9
3
3
0
15
-82
-150
2
-104
-57
-52
-114
-101
-25
-149
-78
-121
14
-24
-18
-91
-171
-120
0
-404
-28
-395
0
-370
9
-407
0
-254
9
-461
0
-478
-60
-283
0
-475
10
0
-78
0
-145
7
-108
0
-53
0
-48
0
-203
0
-51
0
-44
0
-225
13
-83
0
-106
8
-175
0
-106
14
-169
0
-145
-13
-26
0
-107
0
-24
-65
43
11
-127
130
-224
-150
136
-309
-115
-125
0
122
45
-163
0
35
0
-100
92
-302
-218
39
-52
-280
28
-257
37
-24
112
59
2
-11
10
10
10
5
-55
12
-16
-6
6
28
-1
-25
14
33
-114
-170
0
-147
-108
-74
-115
-144
-41
-156
-90
-146
-8
-62
-15
-103
-160
-124
19
-464
-3
-536
-30
-403
0
-538
-18
-297
0
-564
0
-603
-55
-332
0
-629
0
0
-106
0
-141
0
-95
0
-96
18
-13
0
-249
0
-35
0
-140
9
-277
0
-116
0
-79
0
-260
0
-81
-2
-232
0
-145
-9
-86
0
-140
-8
-24
-93
96
60
-171
134
-319
-211
0
-413
-124
-163
85
0
74
-238
12
52
45
-155
126
-359
-233
6
-20
-323
49
-309
82
-1
124
104
10
-36
6
11
9
1
-72
10
-14
-12
4
59
23
10
4
16
-99
-143
-33
-176
-113
-84
-100
-176
-57
-170
-111
-193
0
-83
-1
-122
-211
-146
0
-536
0
-613
0
-528
0
-595
0
-386
0
-669
0
-698
-47
-449
0
-729
-94
-1
-98
0
-130
0
-108
0
-168
-3
-27
0
-254
0
-66
0
-193
13
-285
-26
-104
5
-123
0
-361
0
-122
-25
-242
0
-166
3
-139
0
-173
-36
-33
-129
117
66
-213
149
-371
-243
36
-495
-161
-194
128
35
140
-287
49
63
92
-195
140
-439
-285
-1
-25
-406
63
-375
149
4
0
118
-7
-32
6
-5
22
13
-92
-12
-5
-24
18
55
40
23
26
7
-123
-222
-98
-213
-78
-114
-74
-199
-61
-130
-111
-183
-52
-112
14
-163
-227
-171
0
-562
21
-680
13
-582
-15
-728
3
-485
20
-709
0
-776
0
-523
-16
-710
-26
0
-82
-16
-114
0
-107
0
-216
0
-47
0
-279
5
-106
0
-183
0
-353
0
-99
14
-169
0
-353
0
-98
14
-216
-38
-205
0
-176
-5
-183
16
-60
-123
121
49
-212
0
-441
-259
70
-536
-189
-216
0
74
0
-304
84
58
0
-196
148
-534
-338
39
-46
-446
76
-431
0
-2
21
128
25
-41
21
37
10
-18
-152
-23
18
-16
6
80
31
-12
32
27
-120
-291
-152
-211
-40
-168
-144
-208
8
-143
-166
-179
-37
-142
-43
-170
-193
-199
0
-653
0
-733
0
-683
0
-854
20
-569
0
-781
0
-889
0
-556
0
-850
18
0
-116
-8
-117
0
-115
0
-240
0
-74
0
-344
7
-108
0
-217
0
-413
0
-116
15
-231
18
-354
0
-127
0
-214
6
-213
8
-203
0
-270
17
-87
-117
125
32
-211
44
-511
-275
104
-577
-217
-238
85
113
45
-321
119
53
83
-197
0
-629
-391
77
-67
-486
89
-487
37
-6
41
138
10
-20
39
15
-10
-24
-163
-29
7
-24
-2
68
25
-3
17
31
-105
-332
-196
-236
-29
-232
-161
-213
-30
-194
-124
-191
-30
-180
-64
-206
-190
-211
0
-727
0
-793
12
-718
-25
-916
0
-711
-52
-839
0
-964
0
-701
4
-898
-24
0
-140
0
-96
23
-151
0
-208
0
-99
20
-354
0
-147
0
-201
0
-450
-5
-165
0
-301
19
-310
0
-204
0
-222
18
-308
-7
-184
0
-330
0
-114
-111
129
15
-210
87
-581
-291
138
-618
-245
-260
0
0
89
-338
0
48
0
-198
9
-724
-444
115
-88
-526
102
-543
73
-10
61
148
-7
-12
9
-25
-13
-2
-211
15
-28
-30
-13
124
26
-12
34
42
-121
-346
-228
-265
5
-260
-109
-241
-77
-249
-193
-213
-93
-241
-37
-231
-183
-189
0
-815
0
-869
17
-791
-51
-1022
-10
-749
0
-905
0
-1040
-8
-813
0
-1024
-96
-20
-132
0
-73
0
-191
0
-202
-1
-89
0
-298
0
-153
3
-271
0
-491
-28
-153
5
-328
0
-321
0
-218
0
-271
-2
-393
0
-195
5
-328
0
-141
-105
133
-2
-209
130
-651
-307
0
-659
-273
-282
85
40
133
-355
36
43
83
-199
17
-818
-497
0
-109
-566
115
-599
109
-14
81
0
34
-11
25
21
19
-8
-243
17
-37
-6
-17
128
56
12
3
33
