00 00 00 00 00 00 00 00 00 80 00 80 08 40 00 00 00 00 00 00 08 00 04 00 00 00 00 00 00 00 00 00 00 20 00 00 00 00 00 00 00 00 00 00 00 00 00 00 02 04 00 00 00 01 00 00 00 00 00 00 00 00 00 00
00 00 00 00 00 00 00 00 00 00 00 00 00 00 00 00 00 00 00 00 00 00 00 00 00 00 00 00 00 00 00 00 00 00 00 C0 00 00 00 00 00 00 00 00 00 00 00 00 00 00 00 00 00 00 00 00 00 00 00 00 00 00 00 40
00 00 00 00 03 00 00 00 00 00 00 00 00 00 00 00 00 00 00 00 0D 70 00 00 00 00 00 00 00 00 00 00 00 80 00 00 00 00 00 00 00 00 00 00 00 00 00 00 00 00 00 34 00 00 00 00 00 00 00 00 00 00 00 00
00 00 00 00 00 00 04 00 18 00 01 00 84 00 03 80 00 00 00 80 00 00 06 00 08 00 00 00 00 00 00 00 00 00 00 80 04 00 00 00 00 00 40 00 00 00 00 00 00 00 02 00 04 00 00 00 00 00 00 00 00 00 06 00
00 00 00 00 00 00 00 00 00 00 00 00 00 00 00 00 01 00 00 00 00 00 01 00 00 00 00 00 00 00 00 00 00 00 00 00 00 00 00 00 00 00 00 00 00 00 00 00 00 00 84 00 00 00 00 00 00 00 00 00 00 00 00 00
00 00 00 00 03 00 00 00 00 00 00 00 04 40 08 80 00 20 00 00 00 80 00 00 00 00 00 00 00 00 00 00 00 00 01 80 04 00 00 00 00 00 00 00 00 00 00 00 00 00 00 01 00 80 00 00 00 00 00 00 00 00 00 00
00 00 00 00 00 00 00 00 00 00 00 00 00 00 00 00 02 00 00 00 00 00 00 00 00 00 00 00 00 00 00 00 00 00 00 40 00 00 00 00 00 00 00 00 00 00 00 00 40 40 00 00 00 00 00 00 00 00 00 00 00 00 00 00
00 04 00 00 00 00 00 00 19 80 00 00 00 80 00 00 00 00 00 00 00 00 00 00 04 00 00 00 00 00 00 00 00 00 00 00 00 00 19 80 01 00 00 00 00 80 00 00 03 02 02 00 00 00 00 00 00 00 00 00 01 00 06 00
00 00 00 00 00 00 01 00 04 40 00 80 01 00 10 00 03 00 04 00 00 00 02 00 00 00 00 00 00 00 00 00 00 00 00 00 00 20 00 00 00 00 00 00 00 00 00 00 00 00 00 00 00 00 00 00 00 00 00 00 00 00 00 00
00 00 00 00 00 00 00 00 06 00 02 00 00 00 00 00 00 00 00 80 00 00 00 00 00 00 00 00 00 00 00 00 00 00 00 00 00 40 00 00 00 00 00 00 04 00 80 00 00 00 00 00 00 00 00 00 00 00 00 00 00 00 00 00
00 00 00 00 00 00 00 00 03 80 02 80 04 C0 00 20 00 40 10 80 1B 80 06 00 00 00 00 00 00 00 00 00 01 00 02 00 00 00 00 80 20 80 00 40 00 00 00 00 40 00 06 00 00 00 00 00 00 00 00 00 00 00 00 00
00 00 00 00 00 00 00 00 00 00 00 00 00 00 00 00 00 00 00 00 02 00 04 00 00 00 00 00 00 00 00 00 00 00 00 00 00 00 00 00 80 00 00 00 00 00 00 00 00 00 04 80 00 00 00 00 00 00 00 00 00 00 00 00
00 00 00 00 07 00 18 00 00 00 03 00 03 00 00 00 04 00 10 00 0B F8 00 00 00 00 00 00 00 00 00 00 00 00 07 00 00 40 00 00 00 00 00 00 00 00 00 04 00 00 07 C0 00 00 00 00 00 00 00 00 00 00 00 00
00 00 00 00 00 00 04 00 1E 00 00 80 06 00 03 80 00 80 00 80 03 00 0C 00 08 00 00 00 00 00 00 00 00 00 00 00 0F 00 11 00 00 00 00 00 01 80 00 00 01 00 02 00 08 00 00 00 00 00 00 00 00 00 00 00
00 00 00 00 00 00 00 00 00 00 00 00 00 00 00 00 0F 00 00 00 00 00 00 80 00 00 00 00 00 80 00 00 00 00 00 00 00 00 00 00 00 00 00 00 00 00 00 00 00 00 00 00 00 00 00 00 00 00 00 80 00 00 04 00
00 00 00 00 03 80 08 00 00 00 04 00 1D C0 00 40 00 40 00 00 18 E0 0F 00 00 00 00 00 00 00 00 00 00 00 00 80 0C 00 00 00 00 00 8F 80 00 C0 00 00 00 02 00 00 0D 80 00 00 00 00 00 00 00 00 00 00
00 00 00 00 04 00 00 00 00 00 00 C0 01 80 00 00 03 00 08 00 0F 80 00 00 00 00 00 00 00 00 00 00 00 00 00 00 00 00 00 00 00 E0 01 00 00 00 00 20 00 40 02 00 00 00 00 00 00 00 00 00 00 00 00 00
00 00 00 00 00 00 00 00 17 80 00 00 00 00 00 00 00 00 00 00 00 00 00 00 06 00 00 00 00 00 00 00 00 10 00 00 00 00 3F C0 03 C0 00 80 00 00 00 00 01 00 00 00 0C 00 04 00 00 00 00 00 00 00 00 00
00 00 00 00 00 00 00 A0 00 A0 00 00 01 00 08 00 02 80 00 00 00 00 03 00 00 00 00 00 00 00 00 00 10 00 00 40 01 20 06 00 08 80 00 00 04 00 00 80 00 80 00 00 00 80 00 00 00 00 00 00 00 00 00 00
00 00 00 00 00 00 00 00 00 00 06 00 00 00 09 00 0C 00 00 C0 00 40 00 20 00 00 00 00 00 00 00 00 00 00 00 00 00 00 08 00 01 00 00 00 00 80 04 00 00 00 00 00 00 00 00 00 00 00 00 00 00 00 00 00
00 00 00 00 00 00 00 00 01 80 06 80 08 00 00 00 00 40 10 C0 0D 80 07 00 00 00 00 00 00 00 00 00 00 00 01 00 04 00 05 80 00 C0 00 42 00 21 00 00 07 80 0E 00 00 00 00 00 00 00 00 00 00 00 00 00
00 00 00 00 00 00 00 00 00 80 00 00 01 00 00 00 00 00 00 00 00 00 04 00 00 00 00 00 00 00 00 00 00 00 00 80 00 00 00 00 01 00 40 01 00 00 40 00 04 00 04 00 00 00 00 00 00 00 00 00 00 00 00 00
00 00 00 00 07 00 08 00 01 00 01 00 00 00 02 00 04 00 10 00 1F F0 01 00 00 00 00 00 00 00 00 00 00 00 07 00 08 00 00 00 00 00 00 00 00 00 00 00 08 00 07 F0 00 00 00 80 00 00 02 00 00 00 00 00
00 00 00 00 00 00 0C 00 1F 00 01 00 04 00 07 80 00 80 00 80 03 80 06 00 0C 00 00 00 00 00 00 00 00 00 00 00 0A 00 0F 80 00 00 06 00 01 80 04 80 80 00 03 00 0E 00 08 00 00 00 00 00 00 00 00 00
00 00 00 00 00 00 00 00 00 00 00 40 00 00 00 00 19 00 00 00 00 00 00 80 00 00 00 00 00 00 00 00 00 00 00 00 00 00 00 00 00 00 00 80 00 00 08 00 0F 82 04 00 00 00 00 00 00 00 01 00 00 00 00 00
00 00 00 00 03 80 16 00 08 00 00 00 0F 00 00 C0 00 60 00 20 10 C0 0F 80 00 00 00 00 00 00 00 00 00 20 03 80 06 00 00 00 02 00 17 00 00 80 00 20 00 00 00 00 0F 80 00 00 00 00 00 00 00 00 00 00
00 00 00 00 06 00 00 00 08 00 00 C0 01 80 02 00 06 20 10 C0 0F 00 00 00 00 00 00 00 00 00 00 00 00 00 06 00 00 00 00 00 00 F0 03 E0 00 04 00 00 01 00 0F 80 00 00 00 00 00 00 00 80 00 00 00 00
00 00 00 00 00 00 00 00 1F 80 05 80 00 40 00 00 00 80 01 00 00 00 00 00 04 00 00 00 00 00 00 00 00 00 00 04 80 08 3E 40 07 E4 00 01 00 00 10 81 01 01 02 00 02 40 04 00 00 C0 00 00 00 00 00 00
00 00 00 00 00 00 01 00 06 60 08 80 10 00 1C 00 07 80 00 40 04 80 02 80 00 00 00 00 00 00 00 00 00 00 00 80 01 E0 06 00 09 80 11 00 0A 00 05 00 00 C0 00 40 03 00 01 00 00 00 00 00 00 00 00 00
00 00 00 00 00 00 00 00 00 00 06 00 00 00 0B 00 0E 80 00 00 00 40 00 40 00 20 00 00 00 00 00 00 00 10 00 40 00 00 06 08 43 00 00 80 0C 00 04 80 00 00 00 40 00 00 00 00 00 00 00 00 00 80 00 00
00 00 00 00 00 00 00 00 01 80 07 80 0C 80 00 00 10 60 10 80 1F 80 0F 00 00 00 00 00 00 00 00 00 00 00 03 00 03 00 8F 80 0C 82 18 60 00 00 10 00 01 80 0F 00 00 00 00 00 00 00 00 00 00 00 00 00
00 00 00 00 00 80 00 80 00 00 01 00 00 00 01 00 00 00 00 00 02 00 06 00 00 00 00 00 00 00 00 00 40 00 00 00 00 80 01 00 21 00 80 00 04 00 02 00 00 00 00 00 04 00 00 00 00 00 00 00 00 00 00 00
00 00 00 00 07 00 1F 00 00 00 01 00 03 00 06 00 04 00 00 00 1F F8 0B 80 00 00 00 00 00 00 00 00 00 00 0F 80 1C 82 00 10 02 00 06 00 04 00 0C 00 10 00 07 F8 01 80 00 00 02 00 00 00 00 10 00 00
00 00 00 00 00 00 00 00 1E 80 01 00 00 00 07 00 01 C0 00 80 01 80 06 00 1C 00 00 00 00 00 00 00 00 08 00 00 0D 00 1F 84 00 80 06 00 11 80 00 C0 01 C0 03 80 0E 00 08 00 00 00 00 00 00 00 00 00
00 00 00 00 00 00 00 00 00 00 00 00 10 40 00 00 1F 80 00 00 00 80 00 80 00 00 00 00 00 00 00 00 00 08 00 08 04 50 00 00 18 00 00 80 40 00 01 00 0F 80 00 00 08 00 00 00 00 00 00 00 00 00 00 00
00 00 00 00 03 80 1F 00 08 00 00 00 1F 80 08 80 00 40 00 00 00 60 1F C0 00 00 00 00 00 00 00 00 00 00 02 04 0F 00 00 00 04 00 8B 00 00 C0 00 40 00 20 10 C0 0F C0 00 00 00 00 00 00 00 00 00 00
00 00 00 00 04 00 00 00 00 00 08 C0 01 C0 02 00 06 40 12 C0 1F 80 00 00 00 00 00 00 00 80 00 00 00 04 04 00 08 02 08 00 08 C0 01 E0 02 00 00 00 02 C0 0F 80 06 00 00 00 00 00 00 00 00 00 00 00
00 00 00 00 00 00 00 00 1C 00 0F C0 00 40 00 80 00 80 01 00 01 00 00 00 06 00 0C 00 00 00 00 00 80 54 80 08 00 10 5D 88 07 C0 08 00 00 80 00 00 03 00 03 00 06 00 0F 80 00 C0 01 00 00 00 00 00
00 00 00 00 00 00 01 20 06 60 0C C0 01 80 18 00 0F 80 04 00 04 00 06 80 03 00 00 00 00 80 00 00 00 00 00 00 00 60 0F 28 1C 80 11 80 0E 03 07 00 00 C0 00 00 02 80 03 80 00 00 00 00 00 00 00 00
00 00 00 00 00 00 00 00 00 00 0E 00 00 00 0B 80 0E 80 00 80 00 C0 00 40 00 20 00 00 00 00 00 00 00 00 00 00 02 00 06 01 03 00 01 80 08 00 86 80 00 C0 04 00 00 60 02 20 00 00 00 00 00 80 00 00
00 00 00 00 00 00 00 00 01 00 07 80 0E C0 08 20 00 60 00 C0 1D 80 0F 00 00 00 00 00 00 00 00 00 00 08 00 20 03 80 07 80 0C C0 18 40 00 60 10 20 01 80 0F 00 04 00 00 00 00 80 00 00 00 00 80 00
00 00 00 00 00 00 00 00 00 80 00 00 01 80 01 00 01 00 00 00 02 00 06 00 00 00 00 00 00 00 00 00 00 00 00 00 00 80 01 00 00 00 01 00 13 00 02 00 02 00 04 20 00 00 00 00 00 00 00 00 00 00 00 00
00 00 00 00 03 00 0F 80 19 00 01 00 03 00 06 00 04 00 00 00 1E F8 0F E0 00 00 00 00 00 00 00 00 80 00 07 00 0F 80 01 01 03 00 02 00 0C 00 0C 00 19 00 07 F8 07 E0 00 00 02 10 00 00 00 00 00 00
00 00 00 00 00 00 00 00 1E 80 19 80 00 00 07 00 03 80 00 C0 01 80 07 00 0C 00 08 00 00 00 00 00 00 00 00 00 00 00 1F 00 91 80 06 00 06 80 01 80 00 C0 01 80 0F 00 1C 80 00 00 00 00 00 00 00 00
00 00 00 00 00 00 00 00 04 00 08 00 88 40 00 80 1F 00 00 80 00 00 01 80 01 00 00 00 00 00 00 00 00 10 00 10 04 00 00 40 08 C0 10 00 00 80 01 80 0F 80 00 80 00 00 00 00 00 00 00 00 00 40 00 00
00 00 00 00 00 80 07 00 08 00 00 00 0F 80 19 C0 00 60 00 20 00 20 1F C0 00 00 00 00 00 00 00 00 00 08 03 80 1F 80 08 00 04 00 07 80 19 C0 00 60 00 20 08 40 1F C0 04 00 00 00 01 00 00 00 00 00
00 00 00 00 06 00 04 00 00 00 08 40 09 C0 03 00 06 20 12 C0 1D 80 0F 00 00 00 00 00 00 80 00 00 00 00 06 00 0C 00 00 00 10 C0 03 E0 97 00 00 00 03 40 09 80 0F 00 00 00 00 00 00 00 00 00 00 00
00 00 00 00 00 00 00 00 38 00 1F 80 00 40 00 C0 00 80 01 80 03 00 02 00 02 00 06 00 00 00 00 00 00 04 00 00 00 02 3A 80 1F C0 00 00 00 80 01 80 01 80 03 00 06 20 06 00 04 00 00 00 00 00 00 20
00 00 00 00 00 00 00 80 07 60 0C C0 19 C0 18 00 0F 80 00 80 04 40 06 80 03 80 00 00 00 00 00 00 00 20 00 00 20 60 27 60 1C 80 11 81 0F 00 0F 00 01 C0 00 40 02 80 03 80 00 00 00 80 00 80 00 00
00 00 00 00 00 00 00 00 00 00 0F 00 09 00 09 00 0F 80 00 80 00 C0 00 40 00 60 00 00 00 00 00 00 00 00 00 00 00 00 0E 00 0F 00 11 80 18 00 0E 80 00 80 00 40 00 60 00 20 00 00 00 00 00 80 00 00
00 00 00 00 00 00 00 00 00 00 03 80 0E 80 0C 80 00 60 10 C0 19 80 1F 80 0E 00 00 00 00 00 00 00 00 00 00 00 03 00 07 80 0D 80 18 C0 18 60 10 80 11 80 0F 80 0C 00 00 00 00 00 00 00 00 00 00 00
00 00 00 00 00 00 00 80 00 00 00 80 01 00 01 00 03 00 02 00 02 00 06 00 04 00 00 00 00 00 00 00 00 00 00 00 00 90 01 80 01 00 03 00 00 00 02 00 16 00 04 00 04 00 00 00 00 00 00 00 00 00 80 00
00 00 00 00 02 00 0F 00 1C 80 01 80 03 00 02 00 06 00 0C 00 18 30 1F F8 03 00 00 00 00 00 00 00 00 40 0F 00 1F 80 38 80 03 00 06 00 04 00 1C 00 18 00 13 F0 07 F8 04 00 00 00 00 00 00 00 00 00
00 00 00 00 00 00 00 00 0E 00 1F 80 01 00 06 00 07 80 00 C0 01 80 03 00 1E 00 18 00 00 00 00 00 00 00 00 00 00 04 1F 80 1B 80 06 00 06 00 01 80 00 C0 03 80 07 00 1E 00 08 00 00 00 00 00 00 00
00 00 00 00 00 00 00 00 04 00 0C 00 08 40 00 00 19 00 1F 80 00 00 00 80 01 80 00 00 00 00 00 00 00 00 00 00 04 20 04 40 08 00 18 C0 10 80 00 80 0F 80 00 00 00 00 00 00 00 00 00 80 00 00 00 00
00 00 00 00 00 00 07 C0 1C 00 00 00 0F 00 1F 80 00 E0 00 30 00 20 19 E0 0F 00 00 00 00 00 00 00 00 00 00 00 0F 80 0E 01 00 00 0F 00 1F C0 00 C0 00 70 00 20 1B C0 0F 80 00 00 00 20 00 00 00 00
00 00 00 00 02 00 06 00 00 00 08 00 09 E0 03 A0 04 20 16 60 19 C0 0F 00 00 00 00 00 00 00 00 00 00 08 06 00 0E 08 08 00 08 C2 11 E0 13 20 06 00 03 C0 09 C0 0F 80 00 00 00 00 00 00 40 00 00 00
00 00 00 00 00 00 00 00 00 00 3F C0 07 C0 00 C0 00 80 01 80 03 00 03 00 02 00 0E 00 00 00 00 00 00 00 00 08 00 00 00 80 3F C0 07 C2 00 80 01 80 03 80 03 00 06 00 0E 00 0C 20 00 00 00 10 00 00
00 00 00 00 00 00 00 00 03 60 0E E0 09 C0 19 00 1F 80 00 80 04 40 04 80 03 80 00 00 00 80 00 00 00 00 00 00 00 20 03 60 0E C0 19 81 13 00 0E 00 01 80 00 40 00 00 03 80 00 00 00 80 00 00 00 00
00 00 00 00 00 00 00 00 00 00 06 00 0E 00 11 00 0F 80 04 80 00 C0 00 40 00 60 00 20 00 00 00 00 00 20 00 00 00 04 0E 00 0F 80 09 80 08 80 0E 80 04 C0 00 C0 00 40 00 20 00 00 00 00 00 00 00 00
00 00 00 00 00 00 00 00 00 00 03 80 07 80 0C C0 08 60 10 C0 10 C0 1F 80 0F 00 00 00 00 00 00 00 00 00 00 00 03 00 0F 00 0F C0 0C C0 18 60 10 60 12 C0 0F 80 0F 00 00 00 00 00 00 00 00 00 01 00
00 00 00 00 00 00 00 00 00 80 00 80 01 00 01 00 01 00 00 00 02 00 02 00 06 00 00 00 00 00 00 00 00 00 00 00 00 80 09 80 01 00 01 00 03 00 02 00 02 00 06 00 04 00 04 00 00 00 00 00 00 00 00 00
00 00 00 00 00 00 07 00 1E 80 11 80 01 80 03 00 06 00 04 00 00 00 1F F8 0F 80 00 00 00 00 00 00 00 00 01 00 0F 00 1D 80 03 00 0A 00 06 00 0C 00 0C 01 18 10 07 F0 03 C0 00 00 00 00 01 00 00 00
00 00 00 00 00 00 00 00 04 00 1E 80 11 80 04 00 07 80 00 C0 00 80 01 80 07 00 1C 00 00 00 00 00 00 00 00 00 00 00 0F 00 1F 80 00 00 06 00 05 84 00 80 01 80 07 80 0E 80 1C 00 00 00 00 00 00 00
00 00 00 00 00 00 00 00 04 00 0C 00 08 40 00 40 10 80 1F 80 00 80 00 80 01 80 00 80 00 00 00 00 20 00 00 00 00 00 0C 40 08 40 18 80 10 80 00 80 0F 80 00 00 00 00 00 00 00 00 00 00 00 00 00 00
00 00 00 00 00 00 07 80 1F 00 08 00 00 00 1F 80 18 C0 00 40 00 30 00 E0 1F 80 00 00 00 00 00 00 00 00 00 00 03 80 1F 00 00 00 00 00 1F C0 00 E0 00 60 10 00 1C E0 1F C0 00 00 00 00 00 00 00 00
00 00 00 00 00 00 06 00 04 00 08 00 08 C0 01 E0 07 20 16 60 10 C0 1F 80 0B 00 00 00 00 00 00 00 00 00 00 00 0E 00 08 00 08 20 18 E0 13 A0 16 00 0E 40 0B C0 0F 80 00 00 00 00 00 00 00 00 00 00
00 00 00 00 00 00 00 00 00 00 1C 00 1F C0 10 C0 00 C0 00 80 01 80 03 00 02 00 06 00 0C 00 00 00 00 40 00 00 40 00 09 40 7F C0 0F E0 00 80 00 80 01 80 03 00 07 00 06 00 04 00 00 00 00 00 08 00
00 00 00 00 00 00 00 00 01 60 06 60 0C C0 11 80 1F 00 06 80 00 40 04 C0 07 80 01 80 00 00 00 00 00 00 00 00 00 40 01 E0 0E C0 1D 80 13 C0 0E 00 05 80 00 C0 02 80 03 80 03 00 00 00 00 00 00 00
00 00 00 00 00 00 00 00 00 00 04 00 0E 00 00 00 1F 80 0E 80 00 80 00 40 00 40 00 20 00 00 00 00 00 00 00 00 00 00 06 00 0E 00 0B 81 11 84 0A 80 06 80 00 C0 00 60 00 60 00 00 00 00 02 00 00 00
00 00 00 00 00 00 00 00 00 00 00 00 03 80 0E 80 0C 60 00 60 10 C0 1D C0 0F 80 00 00 00 00 00 00 00 00 00 00 03 80 03 00 0F 80 0D C0 18 60 10 60 11 80 13 80 0F 00 00 00 00 00 00 00 00 00 00 00
00 00 00 00 00 00 00 00 00 80 00 80 00 80 01 00 01 00 03 00 03 00 02 00 06 00 04 00 00 00 00 00 08 00 00 00 00 80 01 80 01 80 01 00 01 00 03 00 02 00 06 00 06 00 04 00 00 00 00 00 00 00 02 00
00 00 00 00 00 00 00 00 0F 80 1C 80 01 80 03 00 06 00 04 00 04 00 0D 78 0F F8 00 00 00 00 00 00 10 00 03 00 0F 80 1F 80 18 00 03 00 06 00 06 00 0C 00 18 40 1F F8 07 F0 04 00 00 00 00 80 00 00
00 00 00 00 00 00 00 00 00 00 0E 00 1D 80 01 00 07 80 00 C0 00 C0 01 80 03 80 1E 00 08 00 00 00 00 00 00 00 02 00 06 00 1F 80 11 80 0A 00 07 80 01 C0 00 00 03 80 0F 20 1C 00 00 00 00 00 00 00
00 00 00 00 00 00 00 00 00 00 04 00 0C 40 08 40 00 C0 1F 80 0F 00 00 00 00 80 01 80 00 00 00 00 08 00 00 00 00 00 04 40 0C C0 08 C0 18 80 10 80 0B 80 0E 80 00 00 00 00 00 00 00 00 00 00 00 00
00 00 00 00 00 00 00 80 0F 80 0C 00 00 00 0F 80 19 C0 00 60 00 20 00 60 1F C0 06 80 00 00 00 00 00 00 00 00 06 80 1F 80 1C 00 06 00 0F C0 11 E0 00 60 00 20 00 40 1F C0 0F 00 00 00 00 00 00 00
00 00 00 00 00 00 06 00 06 00 04 00 0C 00 09 E0 0B 20 06 60 13 60 1D C0 0F 00 00 00 00 00 00 00 00 20 04 00 06 00 0C 00 08 00 18 E0 13 E0 13 00 14 40 03 C0 0D 80 07 00 00 00 00 00 00 00 00 00
00 00 00 00 00 00 00 00 00 00 10 00 1F E0 00 60 00 C0 00 80 01 80 01 00 03 00 02 00 06 00 00 00 20 00 00 00 00 00 00 00 1C 80 3F C0 00 00 00 80 01 80 01 80 03 10 06 00 06 00 0C 40 00 00 00 00
00 00 00 00 00 00 00 00 01 00 07 60 0C C0 01 80 1F 00 03 80 04 C0 04 40 06 80 03 80 00 00 00 00 00 00 00 00 01 00 02 60 0F E0 1E 80 19 80 0B 00 0F 80 00 C0 00 00 03 80 07 80 00 00 00 00 00 00
00 00 00 00 00 00 00 00 00 00 04 00 0F 00 0C 80 0B 80 0E 80 00 80 00 C0 00 40 00 60 00 20 00 00 00 00 00 00 00 00 01 00 0F 00 0F 00 09 80 00 00 0E 80 00 C0 00 40 00 60 00 20 00 00 00 00 00 00
00 00 00 00 00 00 00 00 01 00 00 00 07 80 07 00 0C 20 08 60 00 40 01 C0 1F 80 07 00 00 00 00 00 00 00 00 00 00 00 03 00 07 00 0E C0 0C C0 18 00 10 C0 11 C0 07 80 0F 00 00 00 00 00 00 00 00 00
00 00 00 00 00 00 00 00 00 80 00 80 00 80 00 80 01 80 01 00 03 00 03 00 02 00 06 00 00 00 00 00 00 00 00 00 00 00 00 80 01 80 01 00 01 00 03 00 03 00 02 08 06 00 06 00 04 00 00 00 00 00 00 00
00 00 00 00 00 00 00 00 07 80 1C 80 01 80 01 00 03 00 06 00 04 00 00 08 0F F8 03 80 00 00 00 00 00 00 00 00 0F 00 0F 00 1C 00 03 00 03 00 06 00 0C 00 1C 30 18 70 1F B8 00 00 00 00 00 00 00 00
00 00 00 00 00 00 00 00 00 00 04 00 1E 80 01 80 03 00 01 C0 00 C0 00 80 03 80 0F 00 0C 00 00 00 00 00 00 00 00 00 00 00 1F 00 1F 80 02 00 06 00 00 C0 00 80 03 80 03 00 1E 00 18 00 00 00 00 10
00 00 00 00 00 00 00 00 00 00 04 40 0C 60 08 40 08 C0 00 C0 0F 80 00 80 00 80 01 80 00 00 00 00 00 00 00 00 00 00 04 00 0C C0 18 C0 1A C0 10 80 19 80 0F 80 80 04 01 80 01 80 00 00 00 00 10 00
00 00 00 00 00 00 00 00 03 80 06 00 00 40 07 00 0F C0 00 20 00 10 00 30 0B E0 0F 80 00 00 00 00 00 00 00 00 00 00 07 80 1E 00 00 00 0B 80 1F 80 00 E0 00 20 18 20 1F E0 0F 80 00 00 00 00 00 00
00 00 00 00 00 00 02 00 06 00 04 00 0C 00 08 E0 0B A0 0A 20 0B 60 18 C0 0F 80 00 00 00 00 00 00 00 00 00 00 06 00 0E 00 1C 00 0C 80 19 E0 13 A0 36 C0 14 40 01 C0 0F 80 00 00 00 00 00 00 00 00
00 00 00 00 00 00 00 00 00 00 00 00 1F C0 03 E0 00 C0 00 80 00 80 01 80 03 00 02 00 06 00 04 00 00 00 00 00 00 00 08 00 10 80 1F C0 07 C0 00 C0 01 80 01 80 03 00 03 00 06 08 0C 00 04 00 00 00
00 00 00 00 00 00 00 00 00 00 03 B0 86 E0 0C 80 19 80 03 00 02 80 00 40 06 C0 03 80 00 00 00 00 00 00 00 00 00 00 00 60 03 E0 1E C0 1D 80 11 00 0F 00 04 80 04 40 00 80 01 80 00 00 00 00 00 00
00 00 00 00 00 00 00 00 00 00 00 00 06 04 06 80 01 00 07 80 06 00 00 C0 00 40 00 20 00 20 00 00 00 00 00 00 04 00 00 00 0E 00 0F 80 1D 80 18 00 0F 00 00 00 00 40 00 00 00 00 00 00 00 00 00 00
00 00 00 00 00 00 00 00 00 00 01 00 01 80 07 80 0E 20 08 20 08 60 08 C0 0B 80 0F 80 00 00 00 00 00 00 00 00 01 00 02 80 0B 00 06 00 9C C0 18 60 18 C0 18 C0 17 80 07 00 00 00 04 00 00 00 00 00
00 00 00 00 00 00 00 00 00 80 00 80 00 80 00 80 01 80 01 00 01 00 03 00 03 00 06 00 00 00 00 00 00 00 00 00 10 00 00 80 00 80 01 80 01 00 01 00 03 00 02 00 02 00 06 00 04 00 00 00 00 00 00 00
00 00 00 00 00 00 00 00 03 80 0E 80 08 80 01 80 03 00 02 00 06 00 00 00 0F F8 03 80 00 00 00 00 00 00 00 00 00 00 17 80 0C 00 11 00 03 00 06 00 0E 00 0C 00 18 30 1F F0 00 80 00 00 00 00 00 00
00 00 00 00 00 00 00 00 00 00 00 00 0E 80 01 80 05 00 03 C0 00 40 00 C0 01 80 07 00 0C 00 00 00 00 00 00 00 00 00 00 00 06 80 1F 00 01 00 07 00 05 80 00 00 00 80 03 80 0F 80 18 00 00 00 00 80
00 00 00 00 00 00 00 00 00 00 04 20 04 60 0C 60 08 40 00 C0 0F C0 00 C0 00 80 00 80 00 80 00 00 00 00 00 00 00 00 00 80 04 00 0C 40 08 40 10 C0 10 80 17 80 00 80 00 80 00 80 00 80 00 00 00 00
00 00 00 00 00 00 00 00 01 C0 07 00 04 40 00 00 0F 80 00 00 00 10 00 10 08 60 0F C0 00 00 00 00 00 00 00 00 00 00 09 80 0F 80 00 00 0B 00 0B 00 18 70 00 10 10 20 19 E0 1F C0 00 00 00 00 00 00
00 00 00 00 00 00 00 00 06 00 04 00 04 00 0C C0 09 F0 0A 30 0A 20 00 E0 0F 80 02 00 00 00 00 00 00 00 00 00 02 00 0C 00 0C 00 08 00 18 E0 1B E0 37 20 17 20 11 C0 07 80 03 00 00 00 00 00 00 00
00 00 00 00 00 00 00 00 00 00 00 00 1C 00 07 A0 00 60 00 C0 00 80 01 80 01 80 03 00 02 00 06 00 00 00 40 00 20 00 00 00 01 00 18 00 17 C0 00 C0 00 C0 01 80 01 80 03 00 0E 00 06 00 04 00 00 00
00 00 00 00 00 00 00 00 00 00 01 B0 07 60 0C C0 09 80 0B 00 03 80 02 40 02 40 03 C0 01 80 00 00 00 00 00 00 00 00 00 00 01 E0 07 C0 1D C0 19 80 1F 80 04 C0 04 80 01 80 01 80 01 80 00 00 00 00
00 00 00 00 00 00 00 00 00 00 00 00 00 00 0E 00 01 80 0B 80 06 00 00 00 00 00 00 00 00 30 00 00 00 00 00 00 00 00 00 00 02 00 0E 00 1D 00 08 00 0F 00 06 00 00 00 00 00 00 00 00 00 00 00 00 00
00 00 00 00 00 00 00 00 00 00 00 00 00 80 03 80 0E 20 0C 20 0C 60 00 C0 04 C0 07 80 00 00 00 00 00 00 00 00 00 00 01 00 03 40 0E 00 0C 80 1C 20 18 C0 19 C0 11 80 17 00 00 00 00 00 00 80 00 00
00 00 00 00 00 00 00 00 00 40 00 80 00 80 00 80 00 80 01 00 01 00 01 00 03 00 02 00 00 00 00 00 00 00 00 00 00 00 00 80 00 80 00 80 00 80 01 00 01 00 06 E0 06 00 06 00 06 10 00 80 00 00 00 00
00 00 00 00 00 00 00 00 02 80 06 80 04 80 01 80 03 80 02 00 06 00 04 00 07 78 05 C0 00 00 00 00 00 00 04 00 00 00 03 00 0E 00 09 00 01 00 07 00 0E 00 0C 00 0C 80 1B F8 0A E0 00 00 00 00 00 00
00 00 00 00 00 00 00 00 00 00 00 00 0E 80 00 80 01 80 03 40 00 40 00 C0 01 80 03 00 06 00 00 00 40 00 00 00 00 04 00 00 08 00 3F 00 18 00 03 00 06 80 00 00 01 80 01 80 0F 80 0C 00 00 00 00 00
00 00 00 00 00 00 00 00 00 00 02 20 06 20 04 20 08 40 08 40 0F C0 00 C0 00 C0 00 80 00 80 00 00 00 00 00 00 00 00 00 00 04 40 0C 40 0C 40 18 C0 18 C0 13 80 07 80 00 80 01 80 00 80 00 00 00 00
00 00 00 00 00 00 00 00 01 C0 07 80 04 00 00 00 0F 80 00 40 00 10 00 10 00 20 07 E0 00 00 00 00 00 00 00 00 08 00 00 00 0F 80 08 00 00 00 0F 80 08 E0 00 00 00 00 08 A0 1F C0 00 00 00 00 00 00
00 00 00 00 00 00 00 00 02 00 06 00 04 00 0C 10 0D D0 0B 10 08 20 09 60 05 C0 07 80 00 00 00 00 00 00 06 00 02 00 06 00 04 80 08 20 09 E0 0B E0 1B 20 16 60 10 60 05 C0 07 00 00 00 00 00 00 00
00 00 00 00 00 00 00 00 00 00 00 00 04 00 17 A0 00 60 00 40 00 80 00 80 01 80 03 00 03 00 02 00 00 00 00 00 80 00 00 00 00 00 1C 80 1F C0 00 40 00 C0 01 80 01 80 03 20 02 00 06 00 04 00 00 00
00 00 00 00 00 00 00 00 00 00 00 90 03 F0 06 E0 09 80 05 00 03 80 02 40 00 40 01 C0 01 80 00 00 00 00 00 00 00 00 00 00 04 E0 0F 60 0E C0 19 80 17 00 00 80 04 00 04 90 00 80 01 80 00 00 00 00
00 00 00 00 00 00 00 00 00 00 00 00 00 00 06 80 04 80 07 80 06 40 00 00 00 20 00 20 00 10 00 00 00 00 00 00 00 00 02 00 00 00 06 00 0D 80 0C 00 0B 00 02 60 00 00 00 00 00 00 00 00 00 00 00 00
00 00 00 00 00 00 00 00 00 00 00 80 00 00 03 80 06 20 0C 30 04 60 00 E0 04 C0 03 80 00 00 00 00 00 00 00 00 00 00 00 00 03 00 06 00 06 00 0C 00 18 40 08 40 19 C0 1B 80 08 00 00 00 00 80 00 00
00 00 00 00 00 00 00 00 00 40 00 80 00 80 00 00 00 80 01 80 01 00 00 00 00 00 02 00 00 00 00 00 00 00 00 00 00 00 00 00 00 80 00 80 00 00 01 00 03 00 02 00 06 00 02 00 06 00 00 00 00 00 00 00
00 00 00 00 00 00 00 00 00 80 00 80 00 80 01 80 01 80 03 00 00 00 04 00 00 1C 00 20 00 00 00 00 00 00 00 00 00 80 00 00 0C 00 09 04 03 08 00 00 0E 00 04 00 08 40 09 80 01 40 00 00 00 00 00 00
00 00 00 00 00 00 00 00 00 00 00 00 0C 80 00 80 01 80 01 40 00 40 00 40 00 80 03 00 06 00 00 00 00 00 00 00 00 00 00 00 00 00 00 80 00 00 01 00 00 00 00 00 00 80 01 80 0A 00 0C 00 08 00 00 00
00 00 00 00 00 00 00 00 00 00 02 00 04 20 04 20 0C 60 00 40 02 40 02 40 00 40 00 C0 00 00 00 00 00 00 00 00 00 00 00 00 04 00 04 00 0C 40 08 40 19 C0 11 80 03 80 00 80 01 80 01 80 00 00 00 00
00 00 00 00 00 00 00 00 00 C0 07 80 04 40 04 00 0E 80 00 00 00 10 00 10 00 30 07 E0 00 80 00 00 00 00 00 00 00 00 00 00 0F 80 0C 00 08 80 0C 80 08 20 00 00 00 20 11 20 0A E0 02 00 00 00 00 00
00 00 00 00 00 00 00 00 03 00 06 00 04 00 04 00 0D F0 09 10 01 30 08 60 00 C0 03 00 00 00 00 00 80 00 00 00 00 00 04 00 0E 00 0C 04 08 00 09 C0 0B A0 16 20 10 60 11 80 01 00 00 00 00 00 00 00
00 00 00 00 00 00 00 00 00 00 00 00 08 20 11 20 00 60 00 40 00 80 00 80 01 80 01 00 03 00 02 00 08 00 00 00 00 00 00 00 28 24 00 80 12 00 00 00 00 C0 00 80 00 80 05 00 07 00 06 00 04 00 00 00
00 00 00 00 00 00 00 00 00 00 00 00 03 B0 06 E0 0D 80 08 00 03 00 02 60 02 60 00 40 00 80 00 00 00 00 00 00 00 00 81 00 01 E0 01 A0 0E C0 18 80 1B 80 00 00 04 00 04 C0 04 80 00 80 00 00 00 00
00 00 00 00 00 00 00 00 00 00 01 00 00 00 06 00 04 80 01 80 02 40 00 00 00 20 00 20 00 20 00 00 00 00 00 02 00 00 00 00 00 00 02 00 04 00 08 00 09 00 06 00 00 00 00 00 00 00 00 00 00 00 00 00
00 00 00 00 00 00 00 00 00 00 00 80 00 00 10 C0 07 20 00 00 04 00 00 40 02 C0 00 00 00 00 00 00 00 00 00 00 00 00 00 00 00 00 00 20 00 00 0C 40 08 80 10 00 00 80 01 80 04 00 00 00 00 00 40 00
00 00 00 00 00 00 00 00 00 00 00 00 00 00 00 00 00 00 01 00 00 00 01 00 00 00 00 00 00 00 00 00 00 00 00 00 80 00 00 00 00 00 00 00 01 00 00 00 02 00 00 00 02 00 02 00 00 00 04 00 00 00 00 00
00 00 00 00 00 00 00 00 00 80 00 00 00 00 00 00 01 00 00 00 02 00 00 00 02 00 00 00 00 00 00 00 00 10 00 00 00 00 00 00 04 00 10 00 00 00 00 00 00 00 08 00 00 00 10 A0 00 00 00 00 00 00 00 00
00 00 00 00 00 00 00 00 00 00 00 00 00 00 00 00 01 00 00 00 00 00 00 00 00 80 00 00 00 00 00 00 00 00 00 10 00 00 00 00 00 00 01 00 00 00 00 00 02 00 00 00 01 00 05 80 00 00 10 00 00 00 00 00
00 00 00 00 00 00 00 00 00 00 02 00 02 00 00 00 08 00 00 40 00 40 04 40 00 40 00 C0 00 00 00 00 00 00 00 00 00 00 00 00 00 00 04 40 00 40 08 00 10 00 11 00 04 00 01 00 00 80 00 00 00 00 00 00
00 00 00 00 00 00 00 00 00 00 00 00 04 00 00 00 0A 00 00 00 00 00 00 00 00 00 00 80 00 80 00 00 00 00 00 00 00 00 00 80 02 00 08 00 00 00 04 00 08 00 00 00 00 20 00 10 00 40 00 00 00 00 00 00
00 00 00 00 00 00 00 00 00 00 00 00 00 00 04 00 00 90 00 00 00 10 01 60 00 C0 00 00 00 00 00 00 00 00 00 10 00 00 00 00 04 00 00 00 00 00 00 A0 13 00 00 00 00 00 00 80 00 00 00 00 00 00 00 00
00 00 00 00 00 00 00 00 00 00 00 00 00 00 00 80 00 00 00 00 00 80 00 00 00 00 00 00 00 00 00 00 00 00 00 00 00 00 00 00 00 00 00 00 00 00 10 00 00 00 00 00 00 00 00 00 00 00 00 00 00 00 00 00
00 00 00 00 00 00 00 00 00 00 00 00 00 30 04 40 08 80 01 00 03 00 02 00 00 20 00 00 00 C0 00 00 00 00 00 00 00 80 02 20 08 00 00 60 06 00 09 80 03 00 06 00 06 00 00 40 00 80 00 00 00 00 00 00
00 00 00 00 00 00 00 00 00 00 00 00 00 00 00 80 04 80 00 00 03 00 00 40 00 00 00 00 00 10 00 00 00 00 00 00 00 00 00 00 00 00 06 00 06 00 08 00 01 00 02 00 00 00 00 00 00 00 00 00 00 00 00 00
00 00 00 00 00 00 00 00 00 80 00 00 00 00 00 00 00 20 00 00 00 00 00 00 00 00 00 00 00 00 00 00 00 00 00 00 00 00 00 00 00 10 00 00 00 00 10 00 00 00 00 00 00 00 00 00 00 00 00 00 00 00 00 00
00 00 00 00 00 00 00 00 00 00 00 00 00 00 00 00 00 00 00 00 00 00 00 00 00 00 00 00 00 00 00 00 00 00 00 00 00 00 00 00 00 00 00 00 00 00 00 00 00 00 00 00 00 00 00 00 00 00 00 00 00 00 00 00
00 00 00 00 00 00 00 00 00 00 00 00 00 00 00 00 00 00 00 00 00 00 00 08 00 80 00 00 00 00 00 00 00 00 00 00 00 00 80 00 00 08 00 00 00 00 00 00 00 00 00 00 00 20 00 40 00 00 00 80 00 00 00 20
00 00 00 00 00 00 00 00 00 00 00 80 00 80 00 00 00 00 00 00 00 00 00 00 00 00 00 00 04 00 00 00 00 00 00 00 00 01 08 00 00 00 00 00 00 00 00 00 00 00 00 00 00 00 12 00 00 00 00 00 00 00 00 00
00 00 00 00 00 00 00 00 00 00 00 00 00 00 00 00 00 00 00 00 00 40 00 00 00 00 00 00 00 00 00 00 00 00 00 00 00 00 00 00 00 00 00 00 00 00 00 00 10 00 14 00 00 00 00 80 00 00 00 00 00 30 00 00
00 00 00 00 00 00 00 00 00 00 00 00 00 00 00 00 00 00 00 00 00 00 00 00 00 00 00 00 00 00 00 00 00 00 00 00 00 00 00 00 00 00 00 00 00 00 00 00 00 00 00 00 00 00 00 00 1A 00 00 00 00 00 00 00
00 00 00 00 00 00 00 00 00 00 00 00 00 00 00 00 00 00 02 00 00 20 00 00 02 00 00 00 00 00 00 00 00 00 00 00 00 00 00 00 00 00 00 00 00 00 10 00 00 00 00 00 00 00 00 00 00 00 00 00 00 00 00 00
00 00 00 00 00 00 00 00 00 00 00 00 00 00 00 00 00 00 00 00 00 00 00 00 00 00 00 00 00 00 00 00 00 40 00 00 00 00 00 00 04 00 00 00 00 00 10 00 00 00 00 00 00 00 00 00 00 00 00 00 00 00 00 80
00 00 00 00 00 00 00 00 00 00 00 00 00 00 00 00 00 00 01 00 00 00 00 00 00 40 00 40 00 00 00 00 00 00 00 00 80 00 00 00 00 20 01 00 00 00 00 80 01 00 00 00 00 00 00 00 00 40 01 00 20 00 00 00
00 00 00 00 00 00 00 00 00 00 00 00 00 00 00 00 00 00 01 00 02 00 00 00 00 00 00 10 00 00 00 00 00 00 00 00 00 00 00 00 00 00 00 00 80 00 00 00 09 00 08 00 00 00 00 00 00 00 00 00 00 00 00 00
00 00 00 00 00 00 00 00 00 00 00 00 02 80 00 60 00 20 00 00 00 00 00 00 00 00 00 00 00 00 00 00 00 00 00 00 00 00 01 80 00 00 00 00 00 00 00 80 00 40 00 00 00 00 00 00 10 00 00 00 00 00 00 00
00 00 00 00 00 00 00 00 00 00 00 00 00 00 00 80 00 80 00 00 01 00 00 00 01 00 00 00 00 00 00 00 00 00 00 00 00 00 00 00 00 00 00 00 01 00 00 00 00 00 00 00 00 00 00 00 00 00 00 10 00 00 00 00
00 00 00 00 00 00 00 00 00 80 00 00 00 00 10 00 00 00 00 00 00 00 00 04 00 00 00 00 00 00 00 00 00 80 00 00 00 40 00 00 00 00 01 00 01 00 00 00 00 00 00 00 10 00 00 00 08 00 00 00 00 80 00 00
00 00 00 00 00 00 00 00 00 00 00 00 00 00 00 00 01 00 00 40 00 40 00 00 00 00 00 00 00 00 00 00 00 00 00 00 01 00 00 00 20 00 08 00 01 00 00 00 00 01 00 00 00 80 00 00 02 00 00 00 08 00 00 00
00 00 00 00 00 00 00 00 00 00 00 20 00 00 00 20 00 00 00 00 00 00 00 00 00 00 00 00 00 00 00 00 00 00 00 00 00 00 00 00 00 00 00 00 08 00 00 00 00 00 00 00 00 00 00 00 00 00 00 00 00 20 00 00
00 00 00 00 00 00 00 00 00 00 04 00 04 00 04 00 00 80 00 00 00 10 00 00 00 30 00 40 00 00 00 00 00 00 00 00 01 00 00 00 00 00 00 80 08 80 08 00 00 00 00 40 00 20 00 00 00 00 08 00 00 00 00 00
00 00 00 00 00 00 00 00 00 00 00 00 00 00 00 30 00 00 00 00 09 00 00 00 04 00 00 00 00 00 00 00 00 00 00 00 00 00 00 00 00 00 00 00 00 00 00 00 00 C0 10 00 02 00 08 00 00 00 00 00 00 00 00 00
00 00 00 00 00 00 00 00 00 00 00 00 0C 20 00 00 00 00 00 00 00 00 00 00 00 00 00 00 00 00 00 00 00 00 02 00 00 00 00 00 00 00 00 00 08 00 01 80 00 00 00 00 00 00 00 00 00 00 00 00 04 00 00 00
00 00 00 00 00 00 00 00 00 00 00 10 02 00 00 00 08 00 00 00 00 40 00 60 02 00 01 00 00 00 00 00 00 00 20 00 00 00 00 00 00 00 00 00 00 00 00 00 18 10 00 00 04 80 00 00 04 00 00 00 00 00 00 00
00 00 00 00 00 00 00 00 00 00 00 00 01 00 00 80 04 80 04 C0 00 40 00 20 00 20 00 20 00 00 00 00 00 00 00 00 00 00 00 00 00 00 00 00 00 02 00 00 09 00 04 00 00 80 00 80 00 40 00 20 00 00 00 00
00 00 00 00 00 00 00 00 00 00 00 00 00 C0 10 40 00 20 04 00 00 40 04 00 00 00 00 00 00 00 00 00 00 00 00 00 02 00 00 00 00 00 00 00 00 00 00 80 00 40 00 00 10 00 08 00 08 00 02 80 00 00 00 00
00 00 00 00 00 00 00 00 00 00 00 80 00 00 00 80 00 00 00 00 01 00 01 00 01 00 00 00 00 00 00 00 00 00 01 00 01 80 00 00 00 00 01 80 02 80 00 00 00 00 00 00 00 00 00 00 00 00 00 00 00 00 00 00
00 00 00 00 00 00 00 00 00 80 00 80 00 80 00 80 00 00 02 00 00 00 06 00 01 80 00 00 00 00 00 00 00 00 00 00 00 00 02 00 00 00 01 80 03 00 00 00 06 00 00 00 00 00 08 00 00 20 80 00 00 80 00 00
00 00 00 00 00 00 00 00 00 00 00 80 00 80 00 00 00 C0 00 40 00 60 00 40 00 00 00 00 00 00 00 00 00 00 00 00 00 00 00 00 00 00 00 00 13 00 07 00 06 00 03 80 00 90 00 00 00 10 00 00 00 00 00 00
00 00 00 00 00 00 00 00 00 00 00 00 00 20 00 20 00 40 00 40 04 00 00 40 00 40 00 00 00 00 00 00 00 80 00 00 00 00 00 40 08 00 00 40 00 00 00 00 00 00 00 00 08 00 00 80 00 00 00 00 00 00 00 00
00 00 00 00 00 00 00 00 00 00 02 00 04 00 04 00 00 40 00 10 00 00 00 08 04 00 00 00 00 00 00 00 00 00 00 00 04 00 00 00 00 00 19 80 0C 00 08 80 08 80 00 60 00 20 00 20 00 00 05 02 00 00 00 00
00 00 00 00 00 00 00 00 01 00 00 00 04 00 00 00 00 10 09 00 0D 00 00 00 00 00 00 00 00 00 00 00 00 00 00 00 00 00 01 00 00 00 00 00 00 00 00 00 08 20 00 00 18 00 00 00 04 00 00 00 00 00 00 00
00 00 00 00 00 00 00 00 00 00 00 00 00 20 00 00 00 40 00 00 00 00 00 80 00 00 01 00 03 00 00 00 00 00 00 00 00 00 00 00 00 00 03 00 10 00 02 C0 00 00 00 00 00 00 00 00 00 00 00 00 00 00 00 00
00 00 00 00 00 00 00 00 00 00 00 B0 00 00 00 00 06 00 01 80 00 C0 02 20 03 20 01 00 00 00 00 00 00 00 00 00 00 00 20 00 00 00 00 60 00 00 00 00 18 00 0E 00 02 80 04 C0 04 C0 00 80 00 00 00 00
00 00 00 00 00 00 00 00 00 00 01 00 01 00 00 80 04 80 02 00 00 40 00 40 00 20 00 00 00 10 00 00 00 00 00 00 02 00 08 00 02 00 00 00 00 00 03 00 01 00 00 80 00 80 00 84 00 00 00 20 00 00 00 00
00 00 00 00 00 00 00 00 00 80 00 80 00 40 10 00 00 20 04 00 04 20 04 40 00 00 00 00 00 80 00 00 00 00 02 00 00 00 00 00 00 00 00 00 00 00 00 C0 08 40 00 40 08 00 00 00 00 00 01 00 00 02 00 00
00 00 00 00 00 00 00 00 00 00 00 40 00 00 00 00 00 80 00 80 01 00 01 00 01 00 03 00 00 00 00 00 00 00 20 00 00 00 00 00 02 00 08 00 02 80 01 00 03 00 03 00 00 00 02 00 00 00 00 00 00 04 00 00
00 00 00 00 00 00 00 00 00 80 00 80 00 80 00 80 01 00 00 00 06 00 04 08 00 04 00 00 00 00 00 00 00 02 00 00 00 00 08 00 00 00 08 00 01 80 03 00 06 00 00 00 08 00 08 00 0C 00 01 00 00 80 00 00
00 00 00 00 00 00 00 00 00 00 00 80 00 80 00 80 00 80 00 40 00 40 00 00 00 80 01 00 02 00 00 00 00 00 00 00 00 00 00 00 00 00 00 00 19 00 01 00 06 00 01 80 00 80 00 00 01 00 08 00 08 00 00 10
00 00 00 00 00 00 00 00 00 00 02 00 00 20 04 00 0C 40 08 40 00 40 00 40 00 40 00 40 00 00 00 00 00 00 00 00 00 00 00 00 00 40 04 00 05 C0 00 C0 10 C0 00 80 00 00 00 00 00 80 00 80 00 00 00 00
00 00 00 00 00 00 00 00 00 C0 00 00 02 00 03 80 00 E0 00 30 00 18 00 10 00 00 00 00 00 00 00 00 00 00 00 00 00 00 00 00 00 00 08 00 04 00 04 00 09 C0 00 00 00 10 08 00 00 00 0E 00 00 00 00 10
00 00 00 00 00 00 00 00 00 00 00 00 04 00 04 00 0C 10 04 00 05 10 08 00 00 00 00 00 00 00 00 00 00 00 30 00 00 00 00 00 04 00 1D 80 0D 00 0A 00 10 00 1E 00 02 00 09 00 08 00 00 02 00 00 00 00
00 00 00 00 00 00 00 00 00 00 00 00 00 40 00 20 00 00 00 00 00 00 00 80 01 00 01 00 01 00 00 00 00 00 00 00 00 00 04 00 08 00 22 00 04 00 00 80 01 80 00 80 00 80 01 00 02 00 00 00 04 00 00 02
00 00 00 00 00 00 00 00 00 00 00 18 00 10 00 00 06 40 01 80 01 40 02 20 01 20 01 40 00 00 00 00 00 00 00 00 00 40 00 00 00 00 00 60 00 20 19 80 18 80 06 00 06 80 02 40 06 08 03 00 01 00 00 04
00 00 00 00 00 00 00 00 00 00 00 00 01 00 00 80 04 80 04 C0 00 40 00 60 00 20 00 00 00 00 00 00 00 00 00 00 02 00 00 00 01 00 08 80 0C 00 06 00 11 00 04 01 04 88 00 40 00 48 00 02 00 20 00 00
00 00 00 00 00 00 00 00 00 00 00 80 00 40 00 20 04 30 04 30 04 30 04 20 00 40 00 80 00 00 00 00 00 00 00 00 00 00 00 00 00 00 02 00 0C 00 18 00 08 40 18 40 18 40 18 00 08 00 04 04 00 08 00 02
00 00 00 00 00 00 00 00 00 40 00 40 00 80 00 80 00 80 01 80 01 80 01 00 01 00 01 00 00 00 00 00 00 00 00 00 00 00 00 00 40 80 00 80 00 00 05 80 01 00 01 00 03 00 00 00 02 00 00 00 00 00 00 04
00 00 00 00 00 00 00 00 00 80 04 C0 00 80 10 80 01 00 02 00 02 00 04 00 00 00 00 00 00 00 00 00 00 40 00 00 00 01 00 00 0C 00 08 80 01 00 22 00 02 00 04 00 0C 00 00 00 00 00 00 00 00 00 00 10
00 00 00 00 00 00 00 00 00 00 00 00 00 80 00 80 00 80 00 60 00 60 00 40 00 80 01 80 02 00 00 00 00 00 00 00 00 00 02 00 00 00 18 00 08 00 02 00 02 00 01 80 00 80 00 80 01 00 04 00 0C 00 00 00
00 00 00 00 00 00 00 00 00 00 00 00 02 00 00 20 08 20 08 40 04 40 00 40 00 40 00 40 00 00 00 00 00 00 00 00 00 00 10 00 00 00 00 00 04 00 08 40 18 C0 10 80 08 00 00 80 00 80 00 00 00 08 00 00
00 00 00 00 00 00 00 00 00 00 04 00 06 00 00 00 00 A0 00 20 00 08 00 08 04 10 02 00 00 00 00 00 00 00 00 00 00 00 00 00 00 00 00 00 0C 00 00 00 08 80 00 40 00 30 08 30 08 00 00 00 00 00 00 00
00 00 00 00 00 00 00 00 00 00 02 00 00 00 04 00 04 10 0D 00 0C 00 00 20 00 00 00 00 00 00 00 00 00 00 00 02 10 00 00 00 04 00 04 00 08 00 09 00 0A 00 00 20 08 00 10 40 00 04 00 00 00 40 00 00
00 00 00 00 00 00 00 00 00 00 00 00 00 00 00 20 00 60 00 40 00 80 00 80 00 80 01 00 01 00 02 00 00 00 80 00 00 00 00 00 00 00 00 00 10 00 00 40 00 C0 00 80 00 00 00 00 03 00 02 00 02 00 00 10
00 00 00 00 00 00 00 00 00 00 00 98 00 30 06 60 04 C0 00 80 01 60 01 20 01 20 01 60 00 00 00 00 00 00 00 00 00 00 00 00 00 00 04 00 04 60 0C 00 39 00 0E 00 02 80 06 40 02 40 03 80 00 80 00 00
00 00 00 00 00 00 00 00 00 00 00 00 81 00 00 00 04 80 00 00 00 40 00 00 00 00 00 10 00 00 00 00 00 00 00 00 00 00 80 00 00 00 00 00 04 00 04 00 09 00 08 00 00 00 00 48 00 40 00 60 00 20 00 00
00 00 00 00 00 00 00 00 00 80 00 80 01 E0 01 20 06 30 04 30 04 30 04 60 00 C0 00 80 00 00 00 00 00 00 00 00 08 00 00 00 01 00 03 00 86 00 1C C0 08 C0 08 40 08 C0 08 80 0C 00 0C 00 00 00 00 00
00 00 00 00 00 00 00 00 00 40 00 40 00 C0 00 80 00 80 00 80 01 80 01 00 01 00 03 00 00 00 00 00 00 00 00 00 00 00 00 00 00 80 10 80 00 80 00 80 01 80 03 00 03 00 02 00 06 00 06 00 00 10 00 00
00 00 00 00 00 00 00 00 01 80 06 C0 04 80 10 80 01 80 03 00 02 00 02 00 00 1C 00 00 00 00 00 00 00 00 00 00 00 00 06 00 14 00 08 80 01 80 01 00 07 00 04 00 04 00 08 00 08 00 00 00 00 00 00 00
00 00 00 00 00 00 00 00 00 00 03 80 04 C0 00 80 00 C0 00 60 00 20 00 40 00 80 02 80 02 00 00 00 00 00 00 00 00 00 00 00 00 00 0C 00 09 00 01 00 07 00 02 80 00 C0 00 80 82 00 0C 00 0C 00 00 00
00 00 00 00 00 00 00 00 00 00 02 20 02 20 04 20 04 60 04 40 04 40 00 40 00 40 00 40 00 80 00 00 00 00 00 80 00 00 00 00 00 00 04 40 04 40 0C 40 08 C0 18 80 08 80 00 80 00 80 00 80 00 00 00 00
00 00 00 00 00 00 00 00 02 A0 02 00 02 00 02 00 00 E0 00 10 00 08 00 08 04 00 01 00 00 00 00 00 00 00 00 00 00 00 00 00 00 00 0C 00 05 00 04 00 0C C0 02 60 00 00 00 10 08 00 0E 00 00 02 00 00
00 00 00 00 00 00 00 00 03 00 02 00 02 00 04 10 04 D0 05 10 00 10 04 A0 00 C0 00 00 00 00 00 00 00 00 00 00 08 00 00 00 02 00 20 00 84 00 00 80 09 A0 0A 20 18 20 08 80 09 00 00 00 00 00 00 00
00 00 00 00 00 00 00 00 00 00 00 00 04 20 00 30 00 20 00 40 00 C0 00 80 01 80 01 00 01 00 01 00 00 00 0C 00 00 00 00 00 00 00 00 00 10 00 00 40 00 C0 20 80 00 80 01 00 03 00 02 00 04 00 06 00
00 00 00 00 00 00 00 00 00 00 00 18 03 10 06 60 06 80 00 C0 01 60 01 20 01 20 01 E0 00 00 00 00 00 00 00 00 00 00 00 80 00 00 00 60 00 20 08 80 08 80 06 00 02 C0 02 40 02 40 03 40 01 00 00 00
00 00 00 00 00 00 00 00 00 00 01 00 01 80 02 80 06 C0 07 C0 01 40 00 20 00 30 00 10 00 10 00 00 00 00 00 00 08 00 00 00 04 00 00 00 04 00 0D 00 09 80 04 80 06 80 00 40 00 60 00 20 00 00 00 00
00 00 00 00 00 00 00 00 00 80 00 80 00 E0 01 30 06 30 04 10 04 30 06 60 04 A0 00 00 00 00 00 00 00 00 00 00 00 00 00 00 01 00 03 00 06 00 04 40 0C E0 18 E0 18 40 08 80 0C 00 06 00 00 00 00 00
00 00 00 00 00 00 00 00 00 40 00 40 00 40 00 80 00 80 00 80 00 80 01 80 01 00 01 00 00 00 00 00 00 01 00 00 00 00 00 00 00 80 00 80 00 00 00 80 01 80 01 00 03 00 03 00 02 00 02 00 00 00 00 00
00 00 00 00 00 00 01 80 00 C0 02 C0 00 C0 00 80 01 80 03 00 02 00 06 8C 02 84 00 00 00 00 00 00 00 00 00 00 00 00 00 00 05 00 0D 80 0D 80 01 00 02 10 06 00 0C 00 0C 10 0E 10 00 80 00 00 00 00
00 00 00 00 00 00 00 00 00 00 07 C0 00 C0 00 C0 00 C0 00 60 00 20 00 60 00 80 01 00 00 00 00 00 00 00 00 00 00 00 00 00 00 00 00 00 0B 80 01 00 03 00 01 C0 00 C0 00 80 01 00 0C 00 0C 80 00 00
00 00 00 00 00 00 00 00 00 00 02 20 02 30 06 20 04 20 04 60 07 40 00 40 00 40 00 40 00 00 00 00 00 00 00 00 00 00 00 00 00 00 06 20 04 20 08 60 08 C0 08 C0 0E 80 00 80 00 80 00 80 00 80 00 00
00 00 00 00 00 00 00 00 06 E0 02 00 02 00 03 80 00 E0 00 18 00 08 00 08 07 90 00 00 00 00 00 00 00 00 00 00 00 00 00 00 00 00 0C 00 04 00 04 00 0F C0 00 60 00 30 00 10 08 00 0F C0 00 00 00 00
00 00 00 00 00 00 01 00 01 00 02 00 02 00 04 30 04 90 05 10 05 90 04 60 06 40 00 00 00 00 00 00 00 00 00 00 00 00 00 00 04 00 04 00 04 80 0C 80 0B 20 0A 20 1B 60 19 00 0C 80 00 00 00 00 00 00
00 00 00 00 00 00 00 00 00 00 0C 00 07 F0 00 30 00 60 00 40 00 C0 00 80 00 80 01 80 01 00 00 00 00 00 00 00 00 00 00 00 00 00 00 00 1E 00 07 E0 00 C0 00 80 00 80 01 80 01 00 02 00 06 00 06 00
00 00 04 00 00 00 00 00 00 10 00 D8 00 88 00 40 06 00 00 C0 01 60 01 20 01 20 00 80 00 00 00 00 00 00 00 00 00 00 00 00 00 00 00 20 00 00 0C 80 0D 80 0E 00 06 C0 02 40 02 40 03 00 00 80 00 00
00 00 00 00 00 00 00 00 00 00 01 00 01 80 00 C0 06 C0 03 40 02 60 00 20 00 30 00 10 00 10 00 00 00 00 00 00 00 00 00 00 00 00 00 00 06 00 05 00 0D 80 04 80 06 C0 00 C0 00 60 00 20 00 30 00 00
00 00 00 00 00 00 00 00 00 C0 00 C0 00 E0 00 B0 00 10 06 10 06 30 07 20 00 00 00 00 00 00 00 00 00 00 00 00 00 00 00 00 01 00 05 00 02 00 04 C0 0C 60 08 60 0C C0 0C 80 0C 00 07 80 00 00 00 00
00 00 00 00 00 00 00 00 00 60 00 40 00 40 00 C0 00 80 00 80 00 80 01 80 01 80 00 00 00 00 00 00 00 00 00 00 00 00 00 00 00 40 00 80 00 80 00 80 01 00 01 00 01 00 01 00 01 00 02 00 00 00 00 00
00 00 00 00 00 00 03 80 02 C0 00 40 00 C0 00 80 01 00 01 00 02 00 03 FC 00 F4 00 00 00 00 00 00 00 00 00 00 02 00 00 00 0D 80 0D 80 00 80 11 00 00 00 06 00 0C 00 0C 00 07 F8 07 80 00 00 00 00
00 00 00 00 00 00 00 00 03 80 07 C0 00 C0 00 80 00 E0 00 30 00 20 00 20 06 80 02 00 00 00 00 00 00 00 00 00 00 00 00 00 00 00 08 00 0F 80 01 80 03 00 01 C0 00 40 00 80 00 00 04 00 06 80 00 00
00 00 00 00 00 00 00 00 03 00 01 30 03 10 02 30 04 20 06 60 07 60 00 60 00 60 00 40 00 00 00 00 00 00 00 00 00 00 00 00 00 00 02 00 80 20 0C 60 08 40 08 40 0F 80 04 C0 00 80 00 80 00 00 00 00
00 00 00 00 00 00 00 40 07 80 00 00 02 00 03 C0 00 F0 00 18 00 08 04 08 07 E0 00 00 00 00 00 00 00 00 00 00 00 00 00 00 00 C0 0D 80 04 00 04 00 07 C0 00 70 00 10 00 10 0C 00 0F E0 00 00 00 00
00 00 00 00 00 00 01 00 00 00 02 00 02 20 06 30 04 98 05 18 05 90 06 00 03 00 00 00 00 00 00 00 00 00 80 00 08 00 02 00 02 00 04 00 0C 00 0C 00 0B 70 0A 10 0B 00 09 00 0E 80 07 00 00 00 00 00
00 00 00 00 00 00 00 00 00 00 06 00 03 F0 00 30 00 20 00 40 00 40 00 80 00 00 01 80 01 80 00 00 00 00 00 00 00 00 00 00 00 00 00 00 0E 40 03 E0 00 40 00 00 00 80 00 00 04 00 04 00 02 00 02 00
00 00 00 00 00 00 00 00 00 58 00 D8 03 00 02 00 06 80 00 C0 01 20 01 30 01 A0 00 80 00 00 00 00 00 00 00 00 00 00 00 00 00 00 00 20 00 01 08 00 0C 00 06 00 02 C0 02 20 03 40 01 C0 01 80 00 00
00 00 00 00 00 00 00 00 00 00 01 80 01 80 00 C0 02 C0 02 60 00 60 00 20 00 30 00 10 00 08 00 00 00 00 00 00 00 00 00 00 00 00 02 00 02 00 05 80 05 80 0E 80 06 C0 00 60 00 60 00 20 00 30 00 00
00 00 00 00 00 00 00 80 00 C0 00 E0 00 70 00 30 02 18 06 18 06 90 03 A0 00 00 00 00 00 00 00 00 00 00 00 00 00 00 00 00 00 00 00 00 00 C0 0B E0 04 20 0C 20 04 00 0C 20 06 C0 07 80 00 00 00 00
00 00 00 00 00 00 00 60 00 00 00 40 00 40 00 40 00 00 00 00 00 80 00 80 00 00 00 00 00 00 00 00 80 00 00 00 00 00 00 00 00 00 00 80 00 80 00 80 01 00 01 00 01 00 01 00 02 00 03 00 00 00 00 00
00 00 00 00 00 80 03 C0 02 40 00 40 00 40 00 80 00 80 00 00 02 00 03 FE 00 00 00 00 00 00 00 00 00 00 00 00 00 00 00 00 03 80 06 80 00 00 11 00 02 00 00 00 04 00 04 00 07 FC 01 C0 00 00 00 00
00 00 00 00 00 00 00 00 07 C0 07 E0 00 40 01 C0 00 E0 00 30 00 20 00 80 03 00 00 00 00 00 00 00 00 00 00 00 00 00 00 00 00 00 0F 80 0F 80 00 00 03 C0 00 C0 00 40 00 40 00 80 07 80 06 00 10 00
00 00 00 00 00 00 00 00 01 00 01 10 00 10 12 10 04 20 07 A0 00 20 00 20 00 20 00 00 00 00 00 00 00 00 02 00 00 00 00 00 00 00 00 20 00 00 08 00 08 40 0C 00 0F C0 01 C0 00 C0 00 C0 00 00 00 00
00 00 00 00 00 00 01 E0 07 80 02 00 03 00 03 C0 00 30 00 08 00 08 06 30 07 E0 00 00 00 00 00 00 00 00 00 00 00 00 00 40 05 C0 07 80 06 00 03 80 0F E0 00 30 00 10 00 08 0E 60 07 C0 00 00 00 00
00 00 00 00 00 00 01 80 02 00 02 00 02 70 00 F8 04 08 05 88 04 D0 06 C0 01 00 00 00 00 00 00 00 00 00 00 00 00 00 00 00 00 00 04 00 00 00 0C 30 09 70 1B 20 0B 00 0C 20 07 80 03 80 00 00 00 00
00 00 00 00 00 00 00 00 00 00 0F F0 81 F0 00 00 00 10 00 40 00 00 00 00 00 80 01 80 00 00 00 00 00 00 00 00 00 00 00 00 00 00 00 00 0F E0 83 C0 00 00 00 80 01 00 01 00 01 00 02 08 03 00 03 00
00 00 00 00 00 00 00 00 00 F8 03 88 02 40 00 00 07 C0 01 E0 01 30 01 90 01 C0 00 80 00 00 00 00 00 00 00 00 00 00 00 00 00 00 00 A8 03 B0 0C 00 0E 00 07 C0 03 60 02 60 07 00 01 C0 00 80 00 00
00 00 00 00 00 00 00 00 01 00 01 80 01 C0 10 C0 02 40 03 60 00 20 00 30 00 18 00 18 00 00 00 00 40 00 00 00 00 00 00 00 00 00 00 00 04 00 07 80 0C 80 06 C0 03 C0 00 60 00 60 00 30 00 10 00 00
00 00 00 00 00 00 00 C0 01 C0 03 60 02 30 00 18 02 18 02 60 03 C0 03 80 00 00 00 00 00 00 00 00 00 00 00 00 00 00 00 00 00 00 04 00 00 E0 05 E0 06 60 0C 00 0C 00 0C 60 07 C0 03 80 00 00 00 00
00 00 00 00 00 00 00 60 00 00 00 00 00 40 00 00 00 40 00 80 00 80 00 80 00 00 00 00 00 00 00 00 00 00 00 00 00 00 00 00 00 00 00 00 00 00 00 00 04 80 00 00 01 00 02 00 03 04 01 00 00 04 00 00
00 00 00 00 01 80 07 C0 04 40 00 40 00 00 01 00 00 00 00 00 03 DC 03 FC 00 00 00 00 00 00 00 00 00 00 00 00 00 00 01 00 03 80 06 00 04 80 00 82 01 00 00 00 04 00 06 3C 07 FC 01 40 00 00 00 00
00 00 00 00 00 00 00 00 07 C0 00 40 01 80 01 C0 00 F0 00 30 00 C0 03 80 03 00 00 00 00 00 00 00 00 00 00 00 00 00 00 00 01 00 07 80 07 40 02 00 01 C0 00 E0 20 00 00 E0 01 80 07 80 16 00 00 00
00 00 00 00 00 00 00 00 01 30 01 10 00 10 00 00 04 00 07 E0 00 20 00 20 00 20 00 00 00 00 00 00 00 00 80 00 04 00 00 00 00 00 00 40 00 00 00 00 08 08 0C 00 07 C0 00 C0 00 40 00 40 00 00 00 00
00 00 00 00 00 00 03 E0 02 00 01 00 03 C0 01 F0 00 18 00 0C 02 18 07 F0 01 C0 00 00 00 00 00 00 00 00 00 00 00 00 00 00 07 E0 06 00 02 80 03 C0 0F F0 00 18 00 08 00 10 07 F0 07 A0 00 00 00 20
00 00 00 00 01 00 03 80 00 00 02 00 00 78 02 D8 06 88 05 98 06 E0 07 C0 00 00 00 00 00 00 00 00 00 00 00 00 00 00 01 00 07 00 02 40 04 00 08 70 04 D0 0B 00 0F 80 0E 60 07 C0 01 00 00 00 00 00
00 00 00 00 00 00 00 00 06 00 0F F0 00 10 00 00 00 60 00 00 00 80 00 00 00 00 00 80 00 00 00 00 00 00 00 00 00 00 00 00 00 00 0E 00 0F E0 01 80 00 00 00 00 00 00 00 00 00 00 00 00 07 80 42 00
00 00 00 00 00 00 00 18 00 F8 03 E0 06 60 02 80 03 C0 00 70 01 90 01 80 00 C0 00 00 00 00 00 00 00 00 00 00 00 00 00 00 00 00 01 D8 03 B8 06 60 1E 40 03 C0 03 60 07 00 01 A0 01 E0 00 00 00 00
00 00 00 00 00 00 00 00 01 80 03 80 00 C0 10 40 03 60 00 20 00 30 00 10 00 18 00 08 00 80 00 00 00 00 00 00 00 00 00 00 00 00 00 00 03 80 03 80 0E C0 07 C0 03 60 00 60 00 30 00 10 00 20 00 00
00 00 00 00 00 00 00 C0 01 E0 03 70 02 30 00 18 02 08 06 E0 03 C0 01 00 00 00 00 00 00 00 00 00 00 00 00 00 00 00 00 00 00 00 00 C0 00 E0 07 E0 0B 00 00 10 04 10 16 E0 07 E0 03 00 00 00 00 00
00 00 00 00 00 20 00 60 00 40 00 40 00 40 00 00 00 00 00 80 00 00 00 00 00 00 00 00 00 00 00 00 00 00 00 00 00 00 00 00 00 00 00 00 00 00 00 40 00 00 00 00 02 00 00 80 05 00 02 00 00 00 00 00
00 00 00 00 03 C0 07 C0 00 C0 00 C0 00 80 01 00 03 00 06 00 03 FE 00 C0 00 00 00 00 00 00 00 00 00 04 00 01 00 00 01 80 07 80 06 40 00 C0 00 80 01 80 01 00 04 00 07 BC 07 FC 00 00 00 00 00 00
00 00 00 00 00 00 03 C0 07 E0 00 00 01 80 00 E0 00 30 00 40 00 C0 03 80 02 00 00 00 00 00 00 00 80 00 00 00 00 00 00 00 01 00 0F 80 06 40 01 80 03 C0 00 B0 00 60 00 E0 03 80 07 00 04 00 00 00
00 00 00 00 00 00 01 00 01 10 02 10 06 10 00 20 06 E0 03 E0 00 20 00 20 00 00 00 00 00 00 00 00 00 00 00 00 00 00 00 00 00 00 01 00 02 40 10 00 1C 00 07 C0 07 C0 00 80 00 60 00 C0 00 80 00 00
00 00 00 00 00 E0 03 80 00 00 01 00 03 E0 00 70 00 1C 00 0C 06 10 07 F0 00 00 00 00 00 00 00 00 00 00 00 00 00 00 01 E0 07 C0 06 00 08 00 07 C0 0E F0 00 08 00 00 06 38 07 F0 03 40 00 00 00 00
00 00 00 00 01 80 03 00 00 00 00 20 00 F8 01 C8 07 88 06 B0 06 E0 03 80 00 00 00 00 00 00 00 00 20 00 00 00 00 00 01 00 05 00 00 00 00 30 00 70 0C F0 07 A8 0D 90 06 E0 07 C0 00 00 00 00 00 00
00 00 00 00 00 00 00 00 0F E0 03 F0 00 00 00 60 00 40 00 80 00 80 00 00 01 80 00 00 00 00 00 00 40 04 00 00 00 00 00 00 00 00 1F E0 0F E0 04 40 00 00 00 40 00 80 08 90 00 00 03 80 03 00 00 00
00 00 00 00 00 00 00 5C 03 DC 07 60 06 C0 13 80 01 E0 00 30 00 00 00 A0 00 C0 00 00 00 00 00 00 00 00 00 00 00 00 00 00 01 C8 01 D8 03 70 0C E0 07 C0 03 E0 03 20 03 00 01 E0 00 E0 00 00 00 00
00 00 00 00 00 00 00 00 03 80 03 C0 00 C0 02 60 03 E0 00 30 00 10 00 18 00 08 00 08 00 00 00 00 40 00 00 00 00 00 00 00 00 00 00 00 03 80 15 80 06 C0 03 E0 00 60 00 20 00 70 00 38 00 10 00 00
00 00 00 00 00 C0 01 C0 03 E0 02 70 06 18 00 18 02 60 03 E0 03 C0 00 00 00 00 00 00 00 00 00 00 00 00 00 00 00 00 00 00 00 00 00 E0 01 E0 03 A0 00 10 0C 10 04 60 0F E0 0F C0 00 00 00 80 00 00
00 00 00 00 00 60 00 60 00 00 00 00 00 00 00 00 00 00 00 00 00 80 00 00 00 00 00 00 00 00 00 00 00 00 00 00 00 00 00 00 00 00 00 40 00 00 00 00 80 00 00 00 00 00 01 00 01 04 02 00 00 00 00 00
00 00 01 80 03 C0 06 40 00 00 00 80 01 80 03 00 02 00 00 0C 01 FE 00 00 00 00 00 00 00 00 00 00 00 00 00 00 00 00 03 80 07 00 00 40 00 C0 00 80 03 80 01 00 06 10 07 FC 02 C0 00 10 00 00 00 00
00 00 00 00 00 00 07 C0 06 E0 01 80 01 A0 00 70 00 30 00 C0 01 C0 03 80 00 00 00 00 00 00 00 00 00 01 00 00 00 00 00 00 07 80 07 C0 02 00 01 C0 01 E0 01 30 00 60 00 C0 07 C0 03 00 00 00 00 0C
00 00 00 00 00 00 01 10 02 10 02 10 04 20 00 00 03 E0 00 20 00 20 00 20 00 00 00 00 00 00 00 00 00 00 00 00 00 00 00 00 00 00 01 00 00 00 04 10 04 00 0F C0 02 40 00 20 00 E0 00 40 00 00 00 00
00 00 00 00 03 F0 03 00 00 00 01 C0 02 F0 00 30 00 0C 00 00 07 78 03 E0 00 00 00 00 00 00 00 00 00 00 01 00 00 00 01 E0 03 80 00 80 03 C0 03 F0 02 38 00 10 00 08 06 38 03 F0 00 00 00 80 00 00
00 00 01 00 01 80 02 00 00 00 02 78 00 F8 01 88 01 10 06 B0 03 E0 01 80 00 00 00 00 00 00 00 00 00 00 00 00 00 00 01 80 00 00 00 00 00 30 20 F0 09 80 0D 90 0C 30 07 E0 05 80 02 00 00 00 00 00
00 00 00 00 00 00 04 00 07 F0 00 D0 00 00 00 60 00 40 00 80 00 80 01 80 00 00 00 00 00 00 00 00 20 00 00 00 00 00 00 00 02 00 0F E0 03 F0 00 30 00 20 00 40 00 C0 00 80 00 00 03 80 03 00 00 00
00 00 00 00 00 18 00 D8 03 B0 06 60 04 C0 03 80 00 E0 00 10 00 A0 00 E0 00 40 00 00 00 00 00 00 00 00 00 00 00 00 08 00 00 C8 01 B8 02 70 0E C0 03 C0 02 F0 03 00 01 B0 00 E0 00 C0 00 00 00 00
00 00 00 00 00 00 01 80 01 80 03 C0 00 60 03 E0 01 A0 00 30 00 18 00 18 00 08 00 00 00 80 00 00 00 00 00 00 00 00 00 00 00 00 01 80 03 80 14 C0 07 C0 03 E0 00 20 00 30 08 18 00 18 02 00 00 00
00 00 00 00 00 C0 01 E0 03 F0 06 18 02 18 00 08 02 60 03 C0 01 80 00 00 00 00 00 00 00 00 00 00 00 00 00 00 04 00 00 00 00 00 00 E0 01 E0 03 80 00 10 04 10 06 70 07 E0 03 80 00 00 02 80 00 00
00 00 00 00 00 20 00 40 00 00 00 40 00 00 00 00 00 00 00 00 00 80 00 00 00 00 00 00 00 00 00 00 00 00 00 00 00 00 00 00 00 00 00 00 00 00 00 00 00 00 00 00 00 00 01 80 01 80 00 00 00 00 00 00
00 00 01 80 07 C0 00 60 00 40 00 00 01 80 01 00 06 00 01 FE 01 FA 00 00 00 00 00 00 00 00 00 00 00 00 00 00 00 80 03 C0 06 00 00 40 00 80 00 80 01 00 00 00 07 9C 07 FC 00 30 00 00 00 00 00 00
00 00 00 00 01 80 07 C0 00 60 01 80 00 E0 00 70 00 10 00 E0 03 80 03 00 00 00 00 00 00 00 00 00 00 08 00 00 00 08 00 00 07 80 02 40 04 00 01 C0 01 E0 00 20 00 E0 00 C0 0B 80 07 00 00 00 00 10
00 00 00 00 01 00 01 10 02 10 06 10 00 00 00 20 07 C0 00 20 00 00 00 00 00 00 00 00 00 00 00 00 00 00 00 00 00 00 00 80 01 00 02 00 02 00 04 00 06 C0 07 C0 00 40 00 60 00 62 00 40 00 00 00 00
00 00 00 00 03 E0 00 00 01 00 01 C0 02 70 00 18 00 0C 02 04 03 F0 01 80 00 00 00 00 00 00 00 00 00 02 00 00 00 60 03 C0 06 80 06 00 03 C0 06 70 08 38 00 00 00 08 07 F0 07 D0 04 80 00 A0 00 00
00 00 01 80 03 80 00 00 00 00 00 78 00 C8 02 80 02 88 02 70 03 C0 00 00 00 00 00 00 00 00 00 00 00 00 00 00 00 80 09 90 01 00 00 00 00 78 00 F8 0D 80 0D 90 06 70 13 E0 00 C0 00 00 00 00 00 00
00 00 00 00 00 00 07 00 07 F8 00 18 00 00 00 20 00 00 00 80 01 00 01 80 00 00 00 00 00 00 00 00 00 00 00 00 00 00 00 00 06 00 0F E0 03 00 00 00 00 20 00 40 00 C0 00 80 00 80 03 00 01 00 00 08
00 00 00 00 00 18 01 DC 07 30 06 60 02 80 03 C0 00 70 00 10 00 A0 00 E0 00 00 00 00 00 00 00 00 00 01 00 00 00 00 00 40 01 DC 03 B8 03 60 1E C0 07 C0 00 20 01 90 01 B0 00 E0 02 80 00 00 00 00
00 00 00 00 00 00 01 80 03 C0 00 E0 02 60 03 E0 01 30 00 10 00 18 00 08 00 08 00 00 00 00 00 00 08 00 00 00 00 00 00 00 00 00 01 80 03 80 06 C0 03 C0 03 60 00 70 00 90 00 18 00 18 80 08 00 00
00 00 00 80 00 C0 01 E0 03 70 00 18 00 18 02 08 02 60 03 C0 00 00 00 00 00 00 00 00 00 00 00 00 00 00 00 00 00 00 00 00 00 C0 01 E0 23 B0 84 30 04 18 0C 20 07 F0 07 E0 01 80 00 08 00 00 00 00
00 00 00 20 00 20 00 00 00 40 00 40 00 80 00 00 00 80 00 80 00 00 00 00 00 00 00 00 00 00 00 00 00 00 00 00 00 00 00 00 00 00 00 00 00 00 00 00 00 00 00 00 00 00 01 80 00 00 02 00 00 00 00 00
00 00 01 C0 03 60 00 40 00 40 01 00 00 00 01 00 00 00 01 FE 00 C0 00 00 00 00 00 00 00 00 00 00 00 00 00 00 01 80 07 80 44 00 00 00 20 80 00 00 01 00 06 00 07 FC 01 EC 01 80 00 20 00 00 00 00
00 00 00 00 03 80 03 E0 00 00 01 80 01 60 00 30 00 30 00 C0 03 80 02 00 00 00 00 00 00 00 00 00 00 00 00 00 00 00 01 00 07 80 04 40 09 80 41 C0 01 A0 00 20 00 C0 01 80 03 00 06 00 00 00 00 00
00 00 00 00 01 00 01 10 02 10 00 10 00 20 02 00 03 F0 00 20 00 20 00 00 00 00 00 00 00 00 00 00 00 00 00 00 00 00 00 00 00 00 00 00 00 00 00 00 0F C0 03 C0 04 40 02 E0 00 60 00 80 00 00 00 00
00 00 00 70 00 C0 01 00 01 00 00 C0 00 70 00 08 00 04 02 00 03 F0 00 00 00 00 00 00 00 00 00 00 00 00 00 00 00 C0 03 80 02 00 00 00 03 E0 00 70 00 10 00 08 04 08 03 F0 00 80 03 80 00 00 00 00
00 00 01 80 01 00 00 00 01 10 00 78 02 88 02 88 02 D8 03 60 01 C0 00 00 00 00 00 00 00 00 00 00 00 00 00 00 00 80 00 00 00 00 00 00 00 78 04 D8 09 80 05 90 07 E0 05 C0 01 00 00 80 00 00 00 00
00 00 00 00 00 00 07 20 01 F8 00 00 00 20 00 00 00 00 00 80 00 00 00 80 00 00 00 00 00 00 00 00 00 00 00 00 40 00 00 00 07 E0 01 E0 00 40 00 10 00 00 00 00 00 80 00 00 01 00 03 80 05 80 00 00
00 00 00 00 00 48 01 88 03 60 06 40 03 80 01 C0 00 30 00 10 00 00 00 C0 00 00 00 00 00 00 00 00 00 00 00 00 00 00 00 40 10 D8 01 10 00 60 06 00 0B E0 01 20 01 00 01 A0 00 E0 00 40 00 40 00 00
00 00 00 00 00 00 01 80 00 C0 00 60 02 60 01 A0 00 30 00 18 00 08 00 08 00 04 00 00 00 00 00 00 00 00 00 00 00 00 00 00 00 00 01 80 00 80 02 C0 07 E0 01 A0 00 B0 00 10 00 18 00 40 00 10 00 00
00 00 00 00 00 C0 00 E0 00 30 00 18 80 08 02 08 02 F0 03 C0 00 00 00 00 00 00 00 00 00 00 00 00 00 00 00 00 00 00 00 00 00 60 00 E0 03 10 01 10 04 00 04 20 07 C0 05 C0 00 40 24 00 00 00 00 00
00 00 00 00 00 20 00 20 00 00 00 20 00 00 00 00 00 80 00 00 00 00 00 00 00 00 00 00 00 00 00 00 00 00 00 00 00 00 00 00 00 00 00 80 00 00 00 00 00 80 01 00 00 00 01 80 00 08 00 00 00 00 00 00
00 00 01 C0 00 60 00 20 00 00 00 00 00 00 00 00 02 00 01 FE 00 40 00 00 00 00 00 00 00 00 00 00 00 00 00 00 00 C0 07 C0 04 80 00 00 00 00 00 00 04 80 06 00 07 FE 05 D4 04 4C 00 00 00 00 00 00
00 00 00 00 01 C0 01 E0 00 20 00 00 00 20 00 10 00 00 00 40 03 00 00 00 00 00 00 00 00 00 00 00 00 00 00 00 00 00 01 00 07 80 02 00 01 80 00 E0 00 D0 00 30 00 E0 01 80 02 00 00 00 04 00 00 00
00 00 00 00 00 10 01 18 00 18 02 00 02 00 02 60 03 E0 00 20 00 20 00 00 00 00 00 00 00 00 00 00 00 01 00 00 00 00 00 00 00 00 00 00 00 00 04 80 07 C0 01 40 02 40 00 60 00 00 00 00 00 00 00 00
00 00 00 C0 01 80 00 00 01 00 01 E0 00 30 00 08 00 04 00 04 02 10 00 00 00 00 00 00 00 00 00 00 00 00 00 00 00 00 02 80 0A 80 02 80 05 A0 01 30 02 08 00 00 02 10 07 D0 00 00 00 00 00 00 00 00
00 00 00 80 00 00 00 00 00 38 02 BC 02 0C 02 08 02 C0 03 E0 01 80 00 00 00 00 00 00 00 00 00 00 00 00 00 00 00 00 02 00 00 00 02 18 04 78 04 D8 05 80 06 80 03 E0 01 80 00 00 00 00 00 00 00 00
00 00 00 00 00 00 07 F0 01 F8 00 00 00 00 00 00 00 00 00 C0 00 00 00 80 00 00 00 00 00 00 00 00 00 00 00 00 00 00 00 00 0F A0 04 B0 00 40 00 00 00 00 00 00 00 00 00 00 01 00 01 00 00 00 01 00
00 00 00 00 00 5C 00 24 00 00 00 00 03 00 00 C0 00 30 00 90 00 A0 00 C0 00 00 00 00 00 00 00 00 00 00 00 00 00 00 00 00 01 90 00 90 04 40 03 00 09 E0 01 20 01 00 01 80 00 00 00 80 00 00 00 00
00 00 00 00 00 00 00 80 01 C0 00 60 01 60 01 A0 00 30 00 18 00 08 00 08 00 00 00 00 00 00 00 00 00 00 00 00 00 00 00 00 00 00 02 80 02 80 06 C0 03 E0 01 30 00 30 00 38 00 18 00 08 00 00 00 00
00 00 00 40 00 40 00 70 00 10 00 18 00 08 12 08 02 80 03 00 00 00 00 00 00 00 00 00 00 00 00 00 00 03 00 00 00 00 00 00 00 20 00 20 06 10 06 30 04 00 06 20 07 20 01 80 00 00 00 00 00 00 00 00
00 00 00 00 00 00 00 20 00 20 00 00 00 00 00 00 00 80 00 80 00 00 00 00 00 00 00 00 00 00 00 00 80 00 00 00 00 00 00 0A 00 00 00 00 00 80 01 00 01 00 02 00 01 00 01 00 02 00 00 40 80 00 00 00
00 40 00 20 02 60 00 60 00 60 00 00 00 00 00 00 00 00 00 E2 00 00 00 00 00 00 00 00 00 00 00 00 00 00 00 01 00 C0 02 00 00 00 00 00 00 00 00 00 00 00 06 00 00 20 00 60 00 00 00 00 00 00 00 00
00 00 00 00 02 00 00 E0 00 60 00 00 00 20 00 30 00 10 00 00 00 00 00 00 00 00 00 00 00 00 00 00 00 00 00 00 00 00 00 00 00 80 01 00 01 00 01 80 00 20 00 00 00 00 02 00 01 00 00 00 00 00 00 00
00 00 00 00 01 80 00 80 00 00 00 08 00 10 02 10 00 B0 00 10 00 20 00 00 00 00 00 00 00 00 00 00 00 00 00 00 00 01 00 10 00 10 00 00 04 00 04 00 01 40 01 A0 00 40 00 40 00 00 00 00 00 00 00 00
00 00 00 00 02 40 01 00 01 00 01 80 00 30 00 00 00 00 00 04 00 00 00 00 00 00 00 00 00 00 00 00 00 00 00 00 00 10 02 20 00 00 00 00 00 C0 02 00 10 00 00 00 00 00 01 00 00 00 00 00 00 00 00 00
00 00 01 80 02 00 01 00 00 38 00 0C 02 8C 02 04 02 A0 03 C0 00 00 00 00 00 00 00 00 00 00 00 00 00 04 00 00 00 00 00 00 00 00 04 30 04 08 00 08 01 80 04 00 03 E0 00 A0 00 00 00 28 00 00 00 08
00 00 00 00 00 00 02 90 00 28 00 18 00 00 00 00 00 00 00 00 00 00 00 80 00 00 00 00 00 00 00 00 00 00 00 00 00 00 00 00 00 50 00 90 01 00 00 00 08 40 00 00 00 00 00 00 00 00 00 00 00 00 00 00
00 00 00 00 00 00 00 4C 00 00 01 00 03 40 00 C0 00 90 00 90 00 90 00 80 00 00 00 00 00 00 00 00 00 00 00 00 00 00 00 10 00 00 04 00 04 00 17 00 03 C0 01 20 01 20 00 80 00 C0 00 00 00 20 00 00
00 00 00 00 00 00 00 80 00 E0 00 20 01 20 01 30 00 10 00 10 00 08 00 04 00 00 00 00 00 00 00 00 00 00 00 00 00 00 00 00 00 00 00 80 06 80 02 40 03 A0 02 E0 00 10 00 80 00 00 00 10 00 00 00 08
00 00 00 00 00 40 00 00 00 90 00 18 00 08 00 08 02 18 00 30 00 00 00 00 00 00 00 00 00 80 00 00 00 04 00 00 10 00 00 00 02 00 00 00 12 00 06 20 04 00 00 00 04 00 00 80 00 00 01 00 00 20 00 10
00 00 00 00 00 00 00 00 00 00 00 40 00 40 00 C0 00 80 00 80 00 80 00 00 00 00 00 00 00 00 00 00 00 00 00 00 80 08 00 04 00 80 00 80 00 80 00 00 00 80 00 80 00 00 01 00 00 00 00 00 00 00 00 00
00 00 00 00 00 00 00 00 00 40 00 00 00 00 00 80 01 00 01 00 00 60 00 00 00 00 00 00 00 00 00 00 00 08 00 00 00 00 04 C0 08 00 08 00 02 00 00 00 02 00 00 01 00 00 00 00 00 00 00 80 00 00 00 00
00 00 00 00 00 00 00 00 00 20 00 40 00 40 00 00 00 10 00 20 00 80 00 80 00 00 00 00 00 00 00 00 00 00 00 00 00 00 02 00 04 80 01 80 00 00 00 00 00 00 00 40 00 00 02 00 02 00 00 00 02 00 00 00
00 00 00 00 00 00 01 00 00 00 02 10 00 10 00 10 00 10 00 30 00 30 00 20 00 00 00 00 00 00 00 00 00 00 00 00 00 00 00 00 00 00 00 20 04 20 04 20 0A 40 02 60 02 60 00 00 00 00 00 00 00 80 00 10
00 00 00 00 00 30 01 00 00 00 00 80 00 00 00 00 00 00 00 00 00 30 00 80 00 00 00 00 00 00 00 00 00 00 00 00 00 00 00 00 02 00 02 00 80 00 00 00 00 08 00 09 00 00 00 00 00 00 00 00 00 00 00 00
00 00 00 00 00 80 00 00 01 10 01 58 82 04 00 84 00 08 00 00 00 00 00 00 00 00 00 00 00 00 00 00 00 10 00 08 00 00 02 00 02 00 0A 00 10 08 0C 10 1C 88 02 00 04 00 00 00 03 80 00 00 00 10 00 00
00 00 00 00 00 00 00 00 00 00 00 00 00 10 00 20 00 20 00 00 00 80 00 80 00 80 00 00 00 00 00 00 00 20 00 00 00 00 00 00 00 00 10 10 00 20 00 60 00 00 00 80 00 01 00 00 01 00 00 00 02 00 00 00
00 00 00 00 00 04 00 0C 01 10 02 20 02 40 00 80 00 A0 00 10 00 90 00 20 00 00 00 00 00 00 00 00 00 00 00 00 00 10 00 10 02 70 06 40 04 80 01 00 01 20 01 20 00 20 00 00 00 00 00 00 00 00 00 00
00 00 00 00 00 00 00 80 00 40 00 20 00 20 00 00 00 10 00 08 00 00 00 00 00 00 00 00 00 00 00 00 00 20 00 00 00 00 00 00 00 00 00 00 02 00 02 00 00 00 00 00 00 50 00 10 00 00 00 00 00 00 00 00
00 00 00 00 00 00 00 00 00 40 01 80 01 00 00 00 01 08 00 30 00 60 00 80 00 00 00 00 00 00 00 00 00 00 00 00 00 00 00 80 81 00 02 00 04 10 12 10 04 40 04 80 08 00 01 00 00 00 00 00 00 00 00 00
00 00 00 00 00 20 00 20 00 20 00 20 00 00 00 00 00 00 00 80 00 80 00 00 00 00 00 00 00 00 00 00 00 00 00 00 00 00 00 40 00 00 00 40 00 00 00 80 00 80 01 10 01 00 00 00 00 00 00 00 00 00 00 00
00 00 00 00 00 20 01 20 00 20 00 40 00 80 00 80 01 80 00 00 00 20 00 00 00 00 00 00 00 00 00 00 00 00 00 00 02 40 00 80 00 80 00 80 00 04 01 00 00 00 02 00 00 00 00 00 00 80 00 00 00 00 00 00
00 00 00 00 00 00 00 00 02 20 00 00 00 00 00 00 00 10 00 30 00 40 00 00 00 00 00 00 00 00 00 00 00 00 00 00 00 00 06 00 00 00 00 00 00 20 00 00 00 42 00 86 03 00 00 00 00 00 00 00 00 00 00 00
00 00 00 00 00 00 00 08 01 00 02 00 02 00 02 10 00 10 00 00 00 20 00 00 00 00 00 00 00 00 00 00 00 00 00 00 00 00 01 00 00 30 02 10 40 00 20 20 00 00 00 00 00 40 00 40 00 00 00 00 00 00 00 00
00 00 00 00 00 40 00 00 00 00 00 00 81 00 00 00 00 04 00 00 00 00 01 00 00 00 00 00 00 00 00 00 08 00 08 00 00 00 00 00 02 00 02 80 02 00 00 00 00 00 00 08 02 10 00 04 00 00 08 00 00 00 00 00
00 00 00 00 00 00 00 00 01 00 03 20 02 00 02 00 02 C8 00 10 00 00 00 00 00 00 00 00 00 00 00 00 00 00 00 00 01 00 02 00 02 00 06 00 00 10 04 88 0C 10 00 00 00 00 00 00 00 00 00 00 00 00 00 00
00 00 00 00 00 00 00 00 00 28 00 18 00 00 00 10 00 20 00 40 00 00 00 80 00 80 00 00 00 00 00 00 04 00 00 00 00 00 00 00 00 00 00 30 00 20 10 00 00 40 00 94 00 90 01 00 02 00 00 00 00 00 00 00
00 00 00 00 00 00 00 6C 00 98 03 20 00 40 00 00 00 C0 00 80 00 10 00 20 00 00 00 00 00 00 00 00 00 00 02 00 00 10 00 10 03 00 06 40 04 80 00 00 01 00 01 10 01 20 00 80 00 00 00 00 00 00 00 00
00 00 00 00 00 00 00 00 00 00 01 00 01 00 00 00 00 80 00 00 00 00 00 04 00 04 00 00 00 00 00 00 00 00 00 40 00 00 00 00 00 00 82 00 00 80 00 00 00 00 00 00 04 00 00 00 00 00 00 00 00 00 00 00
00 00 00 00 00 40 00 00 00 C0 00 00 01 08 00 00 01 00 00 00 00 C0 00 00 00 00 00 00 00 00 00 00 00 00 00 00 00 80 00 00 00 00 02 00 02 20 02 30 00 60 04 80 00 00 00 00 0C 00 00 00 00 00 00 00
00 00 00 00 00 00 00 20 00 20 00 20 00 40 00 40 00 00 00 00 00 00 00 00 00 00 00 00 00 00 00 00 04 00 00 00 00 00 00 00 00 40 00 40 80 80 00 28 00 84 00 80 00 80 00 00 00 00 10 00 00 00 08 00
00 00 00 00 00 A0 00 20 00 00 00 40 00 80 00 80 01 00 00 00 00 80 00 00 00 00 00 00 00 00 00 00 00 00 04 00 02 00 00 40 00 80 00 00 01 00 01 00 02 00 02 00 00 00 00 82 00 00 08 00 10 00 00 00
00 00 00 00 00 00 01 00 00 00 00 00 00 00 00 00 00 00 00 00 00 00 01 00 00 00 00 00 00 00 00 00 01 00 00 00 00 00 00 00 00 00 00 80 01 00 00 00 00 20 00 00 01 80 00 00 00 00 04 00 08 00 00 00
00 00 00 00 00 00 00 08 00 08 00 18 02 10 00 00 00 00 00 00 00 10 00 00 00 00 00 00 00 00 00 00 00 00 00 00 00 00 00 00 00 00 00 20 00 00 04 00 00 60 00 04 00 20 00 00 00 40 00 00 08 00 00 00
00 00 00 00 00 80 00 00 00 00 00 00 00 20 00 00 00 00 00 00 00 00 00 00 00 00 00 00 00 00 00 00 00 00 00 00 00 00 00 00 02 00 00 00 00 00 00 90 00 50 00 08 00 00 00 00 00 00 00 00 00 00 00 00
00 00 00 00 00 00 00 00 00 00 01 00 00 60 00 00 00 80 00 20 00 60 00 00 00 00 00 00 00 00 00 00 00 00 01 00 00 00 00 00 02 00 00 00 84 00 00 00 80 00 08 00 10 00 00 00 00 00 00 00 00 00 02 00
00 00 00 00 00 00 00 00 00 40 00 08 00 10 00 20 00 20 00 00 00 40 00 00 00 80 00 00 00 00 00 00 04 00 00 00 98 00 00 00 00 00 00 00 00 20 00 20 00 40 00 80 00 A0 00 00 01 00 04 00 00 00 2A 00
00 00 00 00 00 00 00 00 01 80 00 00 00 60 00 00 00 80 00 08 00 10 00 40 00 00 00 00 00 00 00 00 00 00 00 00 00 40 01 90 02 20 00 00 00 00 00 00 01 00 00 10 00 20 00 40 10 00 00 00 00 82 00 00
00 00 00 00 00 00 00 00 00 00 00 00 01 20 00 E0 00 80 00 00 00 00 00 08 00 00 00 00 00 00 00 00 02 00 04 00 00 00 01 00 01 00 02 00 80 80 00 80 01 0A 00 00 00 10 00 00 00 00 00 00 00 00 00 00
00 00 00 00 00 20 00 00 00 00 00 00 00 00 00 00 00 00 00 00 00 00 00 00 00 00 00 00 00 00 00 00 00 00 00 00 00 80 00 00 00 00 00 00 00 00 00 00 00 00 00 00 00 00 00 00 00 00 02 00 00 00 00 00
00 00 00 00 00 00 00 00 00 00 00 00 00 00 00 00 00 00 00 00 00 00 00 00 00 00 00 00 00 00 00 00 00 00 00 00 00 00 00 00 00 00 00 00 00 00 00 00 00 04 00 02 00 00 00 00 00 00 00 00 00 00 08 00
00 00 00 00 00 00 00 00 00 00 00 00 00 00 00 00 00 00 00 00 00 00 00 00 00 00 00 00 00 00 00 00 00 00 00 00 00 00 00 00 00 00 40 00 00 00 00 00 00 00 00 00 00 00 00 00 00 00 00 00 00 00 04 00
00 00 00 00 00 00 00 00 00 00 00 00 00 00 00 00 00 00 00 00 00 00 00 80 00 00 00 00 00 00 00 00 00 00 00 00 00 00 00 00 00 00 00 00 00 00 00 00 00 00 00 40 00 00 00 00 00 00 00 00 10 00 00 00
00 00 00 00 00 00 00 00 00 00 00 00 00 00 00 00 00 20 00 00 00 00 00 00 00 00 00 00 00 00 00 00 00 00 00 00 00 00 00 00 00 00 00 00 00 00 00 00 00 00 00 40 00 00 00 40 00 00 00 00 00 00 00 00
00 00 00 00 00 00 00 00 00 00 00 00 00 00 00 00 00 00 02 00 00 00 00 00 00 00 00 00 00 00 00 00 00 00 00 80 00 00 00 00 00 40 00 00 00 00 00 00 00 20 10 00 00 02 00 00 00 00 00 00 00 00 00 00
00 00 00 00 00 00 00 00 00 00 00 00 00 80 00 00 00 00 00 00 00 00 00 00 00 00 00 00 00 00 00 00 00 00 00 00 00 40 00 00 00 20 00 00 00 00 00 00 00 00 00 00 08 00 00 00 00 00 00 00 00 00 00 00
00 00 00 00 00 00 00 00 00 00 00 00 00 00 00 00 00 00 00 00 00 00 00 00 00 00 00 00 00 00 00 00 08 00 00 00 00 00 00 00 00 00 00 00 00 00 00 00 00 10 00 00 00 00 01 00 00 00 00 00 00 00 00 00
00 00 00 00 00 00 00 00 00 00 00 00 00 00 00 00 00 00 00 00 00 00 00 30 00 00 00 00 00 00 00 00 00 00 00 00 00 10 00 00 00 00 04 00 80 00 00 00 02 00 00 00 00 00 00 00 00 00 00 00 00 80 10 00
00 00 00 00 00 00 00 00 00 00 00 00 00 20 00 00 00 20 00 00 00 00 00 00 00 00 00 00 00 00 00 00 00 00 00 00 00 00 00 00 00 00 00 00 00 80 00 08 00 00 00 10 00 00 00 00 00 00 00 00 00 80 10 00
00 00 00 00 00 00 00 00 00 00 00 00 00 00 00 00 00 00 00 00 00 00 00 00 00 00 00 00 00 00 00 00 00 00 00 00 00 00 00 00 00 00 00 00 00 00 00 02 28 00 00 00 00 00 00 00 02 00 00 00 00 00 00 80
00 00 00 00 00 00 00 00 00 00 00 00 00 00 00 00 00 00 00 00 00 00 00 00 00 00 00 00 00 00 00 00 00 00 00 00 00 00 00 00 00 00 00 00 00 00 00 00 40 00 00 00 20 01 00 00 00 00 00 00 00 00 00 00
00 00 00 00 00 00 00 00 00 00 00 00 00 00 00 00 00 00 01 04 00 00 00 00 00 00 00 00 00 00 00 00 01 00 00 00 00 A0 00 00 00 00 20 00 00 00 00 00 10 00 20 00 10 00 00 00 00 00 02 00 00 00 00 00
00 00 00 00 00 00 00 00 00 00 00 00 00 60 00 00 00 00 00 00 00 00 00 00 00 00 00 00 00 00 00 00 00 00 00 00 00 00 00 00 00 80 00 00 00 00 00 00 00 00 40 00 00 00 00 00 00 00 00 00 00 00 00 00
00 00 00 00 00 00 00 00 00 00 00 00 00 00 00 00 00 10 00 00 00 00 00 00 00 00 00 00 00 00 00 00 00 00 00 00 00 00 00 00 00 00 00 00 00 00 00 00 40 00 00 00 00 00 00 00 00 00 00 00 00 00 00 00
00 00 00 20 00 00 00 00 00 00 01 A0 00 00 00 04 00 00 00 00 00 80 00 00 00 00 00 00 00 00 00 00 00 00 00 00 00 00 00 40 00 A0 00 00 00 60 00 00 00 08 00 00 04 00 03 80 00 00 00 00 00 00 00 00
00 00 00 00 00 00 00 00 00 00 00 00 00 00 00 00 00 00 00 00 00 00 00 00 00 00 00 00 00 00 00 00 00 00 00 00 00 00 00 00 00 00 00 00 00 00 00 00 00 02 00 00 00 00 01 00 00 00 00 00 00 00 00 00
00 00 00 00 00 00 00 00 00 00 00 00 00 00 00 00 00 00 00 00 00 00 00 00 00 00 00 00 00 00 00 00 02 00 00 00 00 00 00 00 04 00 00 20 00 00 00 00 00 00 00 00 00 00 00 00 00 00 00 00 04 00 00 00
00 00 00 00 00 00 00 00 00 00 00 00 00 00 00 00 00 00 00 10 00 00 00 00 00 00 00 00 00 00 00 00 00 00 00 00 02 00 00 00 00 00 00 00 00 00 00 00 00 00 00 00 00 80 00 00 00 00 00 00 00 00 00 00
08 00 00 00 00 00 00 00 00 00 00 00 00 00 00 20 00 10 00 08 00 08 00 00 00 00 00 00 00 00 00 00 00 00 00 00 00 00 00 00 00 00 40 00 00 00 00 00 00 21 20 00 00 00 00 00 00 00 00 00 00 00 00 00
00 00 00 00 00 40 00 60 00 10 00 08 00 08 00 00 00 40 00 00 00 00 00 00 00 00 00 00 00 00 00 00 00 00 00 00 00 00 00 00 00 00 00 00 00 50 00 00 00 00 00 20 00 80 00 80 00 00 00 00 00 00 00 00
00 00 00 00 00 00 00 00 00 00 00 00 00 00 00 00 00 00 00 00 00 00 00 00 00 00 00 00 00 00 00 00 00 00 00 00 00 00 00 00 00 00 00 00 00 00 00 00 00 00 60 00 00 00 01 00 00 00 00 00 00 00 00 00
00 00 00 40 00 00 00 00 00 80 00 00 00 00 00 00 00 00 00 DA 00 00 00 00 00 00 00 00 00 00 00 00 00 00 00 00 00 80 00 00 00 00 00 00 00 00 00 80 01 00 00 00 03 C0 02 00 00 00 00 00 00 00 00 00
00 00 00 00 01 00 02 20 00 00 00 00 00 20 00 10 00 00 00 40 01 80 00 00 00 00 00 00 00 00 00 00 00 00 00 00 00 00 01 80 00 00 00 00 00 80 00 60 00 00 00 20 10 80 00 00 02 00 00 00 00 00 00 00
00 00 00 00 00 00 00 00 00 00 00 00 00 00 00 00 00 40 00 00 00 00 00 00 00 00 00 00 00 00 00 00 00 00 00 00 00 60 00 00 00 00 00 00 00 00 00 00 30 00 00 00 08 00 00 00 00 00 00 00 00 00 00 00
00 00 00 40 01 80 00 00 00 00 00 C0 00 10 00 08 00 00 00 10 00 70 00 00 00 00 00 00 00 00 00 00 00 00 00 00 00 E0 00 00 00 00 00 00 01 22 00 00 00 00 00 00 02 10 01 80 08 00 00 00 00 00 00 00
00 00 00 00 00 00 00 00 00 00 00 00 00 00 00 00 00 40 00 00 00 00 00 00 00 00 00 00 00 00 00 00 00 00 00 00 00 00 00 10 00 00 00 08 00 40 00 00 00 00 04 20 00 00 02 00 00 00 00 00 00 00 00 00
00 00 00 00 00 00 00 00 00 00 00 00 00 00 00 00 00 00 00 00 00 00 00 00 00 00 00 00 00 00 00 00 00 00 00 00 00 80 00 00 02 C0 04 40 00 00 00 00 80 00 00 00 00 00 00 00 11 80 00 00 04 00 00 00
00 00 00 00 00 6C 01 80 00 20 00 00 01 00 00 20 00 10 00 80 00 80 00 40 00 00 00 00 00 00 00 00 00 00 00 00 00 00 00 04 01 80 00 00 00 00 01 00 00 60 00 00 00 00 00 80 00 00 00 00 00 00 00 00
00 00 00 00 00 00 01 00 00 00 00 20 00 00 01 80 00 00 00 00 00 08 00 00 00 00 00 00 00 00 00 00 00 00 00 00 00 00 00 00 00 00 00 80 00 00 00 40 00 00 00 00 00 00 00 00 00 00 00 00 00 80 00 00
00 00 00 80 00 00 01 40 00 00 00 08 00 00 00 00 00 A0 00 80 00 00 00 00 00 00 00 00 00 00 00 00 00 00 00 00 00 00 00 00 00 C0 10 B0 01 00 00 00 00 18 02 10 0B 60 03 80 00 00 00 00 00 80 00 00
00 00 00 00 00 00 00 00 00 00 00 00 00 00 00 00 00 00 00 00 00 00 00 00 00 00 00 00 00 00 00 00 00 00 00 00 00 00 00 00 00 00 00 08 00 00 00 00 00 00 00 00 00 00 00 00 00 00 80 00 00 00 00 00
00 04 00 C0 00 20 00 00 00 00 00 00 00 00 00 00 00 00 00 2C 00 00 00 00 00 00 00 00 00 00 00 00 00 00 00 00 00 00 00 00 00 00 40 40 00 00 00 00 00 00 04 00 01 F8 00 00 00 00 00 00 00 00 00 00
00 00 00 00 01 C0 02 40 00 00 00 80 00 20 00 10 00 00 00 80 00 00 00 00 00 00 00 00 00 00 00 00 00 00 00 00 00 00 00 80 02 80 00 00 80 80 00 C0 00 10 00 20 00 C0 0B 80 01 80 00 00 00 00 00 00
00 00 00 00 00 80 00 00 00 00 00 00 00 00 00 00 01 00 00 00 00 00 00 00 00 00 00 00 00 00 00 00 00 00 00 00 00 00 00 00 00 00 00 00 00 00 00 00 00 40 00 00 00 00 02 00 00 80 00 00 00 00 00 00
00 00 00 80 03 00 00 00 00 00 02 80 00 00 00 00 00 04 00 00 01 00 00 00 00 00 00 00 00 00 00 00 00 00 00 00 00 B0 80 00 00 00 00 00 02 80 08 10 00 09 00 00 00 10 00 C0 00 00 04 00 00 00 00 00
00 00 01 80 00 00 00 00 00 00 00 00 00 00 00 00 00 10 00 40 00 00 00 00 00 00 00 00 00 00 00 00 00 00 00 00 80 00 00 00 00 00 00 10 00 20 00 00 00 C0 00 00 03 E0 02 00 00 00 00 00 00 00 00 00
00 00 00 00 00 00 03 80 00 38 00 00 00 20 00 00 00 00 00 80 00 00 00 00 00 00 00 00 00 00 00 00 00 00 00 00 00 00 00 00 01 A0 00 08 00 00 00 20 00 00 00 00 10 00 00 00 00 00 00 00 00 00 00 00
00 00 00 00 00 18 01 00 02 20 02 00 00 80 00 40 00 20 00 00 00 00 00 00 00 00 00 00 00 00 00 00 00 00 00 00 00 00 00 00 00 88 00 20 00 00 02 00 00 20 00 00 00 00 00 60 00 00 00 00 00 00 00 00
00 00 00 00 00 80 00 80 01 40 00 20 00 00 00 20 00 00 00 10 00 00 00 00 00 00 00 00 00 00 00 00 00 00 00 00 00 00 00 00 80 00 01 00 00 00 01 40 01 80 00 00 00 00 02 00 00 00 00 00 00 80 00 00
00 00 00 00 00 80 01 80 03 20 02 00 02 10 06 30 04 60 00 80 00 00 00 00 00 00 00 00 00 00 00 00 00 00 00 00 00 40 00 00 00 40 01 80 01 00 02 00 00 18 00 30 02 A0 00 40 00 00 00 00 00 80 00 00
00 00 00 00 00 20 00 40 00 40 00 40 00 80 00 80 00 80 00 80 00 00 00 00 00 00 00 00 00 00 00 00 00 00 00 00 00 00 00 00 00 20 00 00 00 40 00 40 00 00 00 80 00 80 00 80 00 00 00 00 00 00 20 00
00 00 03 80 02 00 00 40 00 80 00 80 01 80 01 00 02 00 02 18 00 00 00 00 00 00 00 00 00 00 00 00 20 00 00 00 01 20 03 20 00 40 00 C0 00 80 00 80 01 80 00 00 00 94 00 40 00 00 00 00 20 00 00 00
00 00 00 00 02 00 04 00 00 80 01 80 00 00 00 00 00 60 00 40 03 80 02 00 00 00 00 00 00 00 00 00 00 00 00 00 00 00 01 00 03 20 00 40 00 00 00 10 00 00 00 30 00 C0 00 00 00 00 00 00 00 00 00 00
00 00 00 00 00 00 01 00 02 10 02 20 00 20 04 20 00 C0 00 40 00 40 00 40 00 00 00 00 00 00 00 00 00 00 00 00 00 00 01 08 01 00 02 18 02 10 00 10 01 80 00 00 00 20 04 80 00 00 00 00 00 00 00 20
00 00 00 50 00 00 00 00 00 00 02 00 00 00 08 00 00 08 00 08 02 00 00 00 00 00 00 00 00 00 00 00 00 00 00 00 00 00 01 00 00 00 00 80 02 00 08 00 00 00 00 00 00 00 00 00 00 00 00 00 00 00 00 00
00 00 01 00 01 00 02 00 02 20 02 60 04 80 04 00 04 00 00 A0 00 00 00 00 00 00 00 00 00 00 00 00 00 00 00 80 01 80 00 00 01 00 02 20 00 E0 02 40 01 08 00 30 00 80 00 00 00 00 00 00 00 00 00 00
00 00 00 00 00 00 02 C0 00 00 00 00 00 20 00 20 00 C0 00 80 00 80 01 00 01 00 00 00 00 00 00 00 00 00 00 00 00 00 00 00 00 08 00 08 00 10 00 20 00 20 00 40 20 C0 00 80 00 80 02 00 00 00 00 00
00 00 00 00 00 10 00 D0 03 70 06 40 04 80 00 80 01 00 00 10 00 20 00 00 00 00 00 00 00 00 00 00 80 00 00 00 00 04 00 44 01 90 03 20 00 60 00 00 02 D0 00 90 00 90 00 30 00 00 04 00 00 00 00 00
00 00 00 00 00 00 01 80 01 00 02 00 00 80 00 80 00 00 00 00 00 00 00 00 00 00 00 00 00 00 00 00 00 00 00 00 40 00 00 00 00 00 01 20 00 20 00 80 00 90 00 70 00 00 00 00 00 00 00 00 00 00 00 00
00 00 00 80 00 80 03 80 03 60 06 30 06 30 06 30 04 60 07 00 07 00 01 00 00 00 00 00 00 00 00 00 00 00 00 00 00 40 00 60 00 B0 03 98 03 88 02 08 02 18 02 30 00 60 10 80 00 00 80 00 00 00 00 00
00 00 00 00 00 40 00 40 00 C0 00 C0 00 80 00 80 00 80 01 80 01 00 00 00 00 00 00 00 00 00 00 00 00 00 00 00 00 20 00 20 00 60 00 60 00 40 00 C0 00 80 04 80 10 C0 00 00 00 00 00 00 00 00 00 00
00 00 00 00 06 C0 06 C0 00 80 01 80 03 00 03 00 06 00 06 28 02 80 00 00 00 00 00 00 00 00 00 00 00 00 00 C0 01 60 03 60 00 60 00 C0 00 80 01 80 01 80 01 02 00 16 00 00 00 00 00 00 00 00 00 00
00 00 00 00 00 00 06 00 04 80 01 80 01 80 00 E0 00 60 00 C0 03 00 06 00 02 00 00 00 00 00 00 00 00 00 00 00 00 C0 00 60 00 60 00 C0 00 60 00 30 00 30 00 60 00 C0 01 80 00 00 00 00 00 00 00 00
00 00 00 00 01 00 03 10 02 10 06 30 04 20 04 60 04 40 00 60 00 60 00 40 00 00 00 00 00 00 00 00 00 00 00 00 00 80 01 08 01 18 03 10 02 10 02 30 00 30 00 30 00 30 00 20 00 00 00 00 00 00 00 00
00 00 00 00 06 80 02 00 02 00 02 00 06 60 08 10 00 18 04 08 06 00 01 00 00 00 00 00 00 00 00 00 01 00 00 00 00 60 01 00 05 00 01 E0 02 30 00 08 00 04 02 0C 00 18 00 00 00 00 00 00 00 00 00 00
00 00 01 00 02 00 02 00 06 00 06 C8 05 88 05 98 05 B0 06 20 03 00 00 00 00 00 00 00 00 00 00 00 00 00 00 80 01 80 01 00 01 00 03 2C 02 C4 02 CC 02 D8 01 38 00 60 00 00 00 00 00 00 00 80 00 00
00 00 00 00 00 00 0C 00 07 10 00 30 00 60 00 60 00 C0 00 80 01 80 01 00 03 00 00 00 00 00 00 00 00 00 00 00 00 00 03 00 00 18 00 18 00 10 00 30 00 60 00 40 00 80 00 80 00 80 00 00 00 80 00 00
00 00 00 00 00 10 02 90 07 60 04 C0 04 80 03 00 01 60 01 20 01 E0 00 80 00 00 00 00 00 00 00 00 00 00 00 00 00 0C 00 6C 01 98 03 20 03 40 00 C0 00 90 00 90 00 90 00 20 00 00 00 00 00 00 00 00
00 00 00 00 00 00 01 00 03 00 02 80 06 80 03 C0 01 60 00 30 00 10 00 18 00 08 00 00 00 00 00 00 00 00 00 00 00 00 00 80 00 C0 01 60 01 60 00 A0 00 B0 00 18 00 08 00 0C 00 04 00 00 00 00 00 00
00 00 00 00 01 80 03 00 06 60 06 60 04 30 04 30 0C E0 0C 00 07 00 03 00 00 00 00 00 00 00 00 00 00 00 00 00 00 C0 00 60 00 B0 01 98 03 18 02 18 03 18 02 30 00 40 00 C0 00 00 00 00 00 00 00 00
00 00 00 40 00 40 00 40 00 C0 00 80 00 80 01 80 01 80 01 00 03 00 01 00 00 00 00 00 00 00 00 00 00 00 00 00 00 20 00 60 10 40 00 40 00 C0 00 C0 00 80 00 80 00 80 00 00 00 00 00 00 00 00 00 00
00 00 02 00 06 80 04 80 00 80 01 80 03 00 03 00 06 00 06 08 07 80 00 00 00 00 00 00 00 00 00 00 00 00 00 C0 00 60 02 E0 00 E0 00 C0 00 C0 01 80 03 00 03 C6 00 02 00 00 00 00 00 00 00 00 00 00
00 00 00 00 04 00 0F 80 04 80 01 80 03 80 01 C0 00 60 00 C0 05 80 06 00 04 00 00 00 00 00 00 00 00 00 00 00 01 C0 00 60 02 40 00 C0 00 E0 00 30 00 30 00 60 00 E0 01 00 01 80 00 00 00 00 00 00
00 00 00 00 02 20 02 30 06 30 04 60 0C 60 04 40 06 C0 00 40 00 C0 00 40 00 00 00 00 00 00 00 00 00 00 00 00 01 90 11 90 03 18 03 10 06 30 06 30 03 30 00 20 00 20 00 60 00 00 00 00 00 00 00 00
00 00 00 00 06 00 06 00 02 00 06 80 04 E0 08 30 00 18 00 18 06 00 07 80 00 00 00 00 00 00 00 00 00 00 80 30 00 00 03 00 01 00 01 C0 00 30 00 18 00 0C 02 0C 03 18 00 00 00 00 00 00 00 00 00 00
00 00 03 00 06 00 06 00 06 00 04 D0 0D 90 0D 10 0D B0 06 C0 07 00 00 00 00 00 00 00 00 00 00 00 00 00 00 80 01 80 01 00 03 08 02 6C 02 EC 06 88 06 D8 03 30 00 40 00 00 00 00 00 00 00 00 00 00
00 00 00 00 00 00 08 00 0B A0 00 30 00 60 00 40 00 C0 00 80 01 80 03 00 03 00 00 00 00 00 00 00 00 00 00 00 00 00 03 80 00 18 00 18 00 30 00 30 00 60 00 C0 00 C0 00 80 01 80 00 00 00 00 00 00
00 00 00 00 00 30 00 B0 06 60 0C C0 0C 80 07 00 03 60 03 20 01 60 01 C0 00 00 00 00 00 00 00 00 00 00 00 00 00 08 00 CC 01 98 03 70 07 C0 00 E0 01 B0 00 98 00 90 00 70 00 00 00 00 00 00 00 00
00 00 00 00 00 00 03 00 07 00 06 80 06 80 06 40 03 60 00 20 00 30 00 10 00 00 00 00 00 00 00 00 00 00 00 00 00 00 00 80 00 C0 03 60 03 60 81 E0 00 B0 00 18 00 18 00 08 00 0C 00 00 00 00 00 00
00 00 00 00 01 80 03 80 06 40 06 60 0E 20 0C 60 0C E0 0D 80 0E 00 02 00 00 00 00 00 00 00 00 00 00 00 00 80 00 C0 00 E0 02 70 03 B0 03 18 07 18 06 38 02 30 00 E0 00 00 00 00 00 00 00 00 00 00
00 00 00 00 00 40 00 80 00 80 00 80 00 80 01 80 01 00 03 00 03 00 03 00 00 00 00 00 00 00 00 00 00 00 10 20 00 60 08 60 00 40 00 40 00 C0 00 80 00 80 00 80 01 80 00 00 00 00 00 00 00 80 00 00
00 00 07 80 06 80 04 80 01 80 01 80 03 00 06 00 06 00 04 30 07 80 00 00 00 00 00 00 00 00 00 00 00 00 80 C0 03 40 03 60 08 C0 00 C0 00 C0 01 80 03 00 03 86 00 0E 00 00 00 00 00 00 00 00 00 00
00 00 00 00 00 00 0D 00 01 80 03 80 03 80 01 C0 00 C0 00 80 07 00 04 00 04 00 00 00 00 00 00 00 00 00 00 00 01 00 02 C0 00 E0 00 C0 00 E0 00 30 00 38 00 60 00 C0 01 80 02 60 00 40 00 00 00 00
00 00 00 00 02 20 02 20 06 20 0C 60 08 40 08 C0 0E C0 00 C0 00 C0 00 80 00 00 00 00 00 00 00 00 00 00 00 00 01 00 01 10 02 10 02 10 06 30 06 30 00 60 00 20 00 60 00 60 00 00 00 00 00 00 00 00
00 00 00 00 04 80 04 00 06 00 06 00 04 E0 00 20 00 18 04 18 0C 20 02 00 00 00 00 00 00 00 00 00 00 00 00 40 08 60 03 80 0B 00 02 E0 00 30 00 18 00 0C 02 0C 03 18 00 60 00 00 00 00 00 00 00 00
00 00 03 00 06 00 06 00 04 00 0C D0 0D 90 0F 10 0D B0 0C C0 06 00 00 00 00 00 00 00 00 00 00 00 00 00 01 80 01 00 13 00 02 18 06 18 06 CC 06 88 06 98 07 70 00 F0 00 00 00 00 00 00 00 00 00 00
00 00 00 00 00 00 08 00 0A 20 00 60 00 60 10 C0 00 80 01 80 01 00 03 00 02 00 00 00 00 00 00 00 00 00 00 00 00 00 02 10 00 38 00 10 00 30 00 20 00 60 00 C0 00 C0 01 80 01 80 00 00 00 00 00 00
00 00 00 00 00 20 03 B0 06 E0 0C C0 0C 80 07 00 03 E0 03 20 03 60 01 C0 00 00 00 00 00 00 00 00 00 00 00 00 00 58 00 CC 83 BC 06 60 07 C0 00 C0 01 F0 01 B0 01 B0 00 60 00 00 00 00 00 00 00 00
00 00 00 00 00 00 03 00 06 00 05 80 04 80 07 C0 02 60 00 60 00 30 00 10 00 10 00 00 00 00 00 00 00 00 00 00 00 00 00 80 00 E0 03 40 03 60 03 E0 01 B0 00 38 00 18 00 08 00 08 00 00 00 00 00 00
00 00 01 00 01 00 03 00 06 40 0E 40 0C 60 0C 60 08 E0 0D 80 0E 00 02 00 00 00 00 00 00 00 00 00 00 00 00 C0 00 C0 00 E0 00 F0 03 B0 06 18 06 18 06 30 04 60 00 C0 01 80 00 00 00 00 00 00 00 00
00 00 00 00 00 80 00 80 00 80 00 80 01 80 01 00 03 00 03 00 02 00 02 00 00 00 00 00 00 00 00 00 00 04 08 00 00 60 20 60 00 C0 00 C0 00 80 00 C0 00 80 01 80 01 A0 01 80 00 00 00 00 00 80 00 00
00 00 07 00 0E 80 09 80 01 80 03 00 02 04 06 00 0E 00 0C 10 0D 00 00 00 00 00 00 00 00 00 00 00 00 00 00 C0 03 E0 06 C0 00 C0 00 C0 01 C0 03 80 03 00 03 04 00 70 00 10 00 00 00 00 00 00 00 00
00 00 00 00 00 00 0D 80 09 80 03 80 03 00 01 C0 00 C0 01 80 07 00 0C 00 08 00 00 00 00 00 00 00 00 00 00 00 00 C0 02 C0 00 C0 00 C0 00 C0 00 60 00 60 00 E0 00 80 03 90 02 40 00 00 00 00 00 00
00 00 00 00 02 00 06 20 04 60 0C 60 08 40 08 C0 0C C0 00 C0 00 80 00 80 00 00 00 00 00 00 00 00 00 04 00 00 01 00 03 10 02 30 04 30 06 30 04 60 06 E0 00 60 00 60 00 60 00 00 00 00 00 00 00 00
00 00 01 80 0F 80 0C 00 04 00 04 00 0C C0 00 60 00 30 08 30 0C 60 04 00 00 00 00 00 00 00 00 00 00 00 00 20 01 E0 02 80 23 00 00 40 07 60 00 18 00 0C 00 18 02 30 00 80 00 00 00 00 00 00 00 00
00 00 02 00 06 00 04 00 0C 60 0D D0 0B 30 0B 30 09 60 0C C0 06 00 00 00 00 00 00 00 00 00 00 00 00 00 01 80 03 00 02 80 06 10 04 58 06 C8 05 88 05 98 07 60 00 C0 00 00 00 00 00 00 00 80 00 00
00 00 00 00 00 00 18 00 1F E0 00 60 00 C0 00 C0 00 80 01 80 03 00 03 00 06 00 00 00 00 00 00 00 00 00 00 00 00 00 00 10 00 30 00 30 00 20 00 60 00 E0 00 C0 00 80 01 80 01 80 01 20 01 00 00 00
00 00 00 00 00 A0 03 A0 0E E0 0C 80 0D 80 0B 00 06 40 02 40 02 40 01 80 00 00 00 00 00 00 00 00 00 00 00 00 00 18 00 D8 03 B0 06 40 06 C0 00 C0 01 F0 01 A0 01 A0 00 E0 00 00 00 00 00 00 00 00
00 00 00 00 00 00 07 00 06 00 05 80 0D 80 16 80 06 C0 00 60 00 20 00 30 00 10 00 00 00 00 00 00 00 00 00 00 08 80 01 80 00 80 02 C0 02 E0 03 E0 01 70 00 20 00 18 00 18 00 08 00 00 00 00 00 00
00 00 00 00 03 00 07 00 06 00 0C 40 08 60 18 60 19 C0 1F 00 0C 00 00 00 00 00 00 00 00 00 00 00 00 00 00 80 00 80 00 80 01 E0 03 B0 06 30 04 30 06 30 04 E0 00 C0 01 80 00 00 80 00 00 00 00 00
00 00 00 80 00 80 00 80 00 80 01 80 01 00 03 00 03 00 02 00 02 00 02 00 00 00 00 00 00 00 00 00 00 00 00 00 00 40 00 40 00 C0 00 C0 00 C0 00 80 01 80 01 80 01 00 01 00 00 00 00 00 00 00 00 00
00 00 07 00 0C 80 09 80 01 00 03 00 06 00 04 00 0C 00 0C 78 0D 80 00 00 00 00 00 00 00 00 00 00 00 00 00 80 06 E0 04 C0 00 C0 01 80 01 C0 03 00 06 80 02 0C 00 FC 00 00 00 00 00 00 00 00 00 00
00 00 00 00 04 00 1E 00 09 80 03 00 07 00 00 80 00 C0 03 80 0F 00 0C 00 00 00 00 00 00 00 00 00 00 00 00 00 00 80 04 C0 06 C0 00 C0 00 C0 00 60 00 60 00 C0 01 80 03 00 00 00 00 00 00 00 00 02
00 00 00 00 06 00 04 60 0C 40 08 40 18 C0 18 C0 08 80 00 80 00 80 00 80 00 00 00 00 00 00 00 00 00 00 00 00 03 00 02 30 07 30 06 30 0C 60 06 60 01 60 00 40 00 60 00 40 00 00 00 00 00 00 00 00
00 00 01 80 0F 00 0C 00 04 00 0C 00 08 80 00 20 00 30 08 30 08 C0 00 00 00 00 00 00 00 00 00 00 00 00 00 10 01 E0 07 00 02 00 02 80 06 20 00 30 00 18 02 18 04 70 01 F0 00 00 00 00 00 00 00 00
00 00 06 00 06 00 0C 00 0C C0 09 A0 1B 30 1A 20 1A 60 0C 80 06 00 00 00 00 00 00 00 00 00 00 00 00 00 01 80 03 00 02 00 04 00 06 D0 04 98 05 98 0D B0 04 60 00 C0 00 00 00 00 00 00 00 00 00 00
00 00 00 00 00 00 18 00 10 40 00 40 00 C0 00 80 01 80 03 00 02 00 06 00 06 00 00 00 00 00 00 00 00 00 00 00 00 00 04 00 00 30 00 30 00 60 10 40 00 C0 00 A0 01 80 01 80 03 00 00 00 00 00 00 00
00 00 00 00 00 60 07 E0 0C C0 19 80 19 80 0E 00 06 C0 06 40 02 C0 03 00 00 00 00 00 00 00 00 00 00 00 00 00 00 18 01 98 07 70 07 E0 0E 80 01 C0 03 E0 03 20 01 F0 00 E0 00 20 00 00 00 00 00 00
00 00 00 00 02 00 06 00 07 00 0D 80 0D 80 0D 80 04 C0 00 40 00 60 00 20 00 00 00 00 00 00 00 00 00 00 00 00 00 00 01 80 01 C0 06 C0 06 C0 03 40 01 70 00 30 00 30 00 10 00 00 00 00 00 00 00 00
00 00 01 00 03 00 06 00 0C C0 0C C0 08 40 18 40 19 C0 1B 80 0E 00 04 00 00 00 00 00 00 00 00 00 00 00 00 00 00 80 00 C0 01 E0 03 70 07 30 04 30 44 68 04 E0 01 80 01 00 00 00 00 00 00 00 00 00
00 00 00 00 00 80 00 80 01 80 01 00 01 00 03 00 02 00 06 00 06 00 00 00 00 00 00 00 00 00 00 00 00 00 00 00 00 40 00 40 00 80 00 80 00 80 09 80 09 80 01 00 03 00 02 00 00 00 00 00 00 00 00 00
00 00 06 00 08 80 09 80 03 00 03 00 06 40 0C 00 0C 00 08 70 08 00 00 00 00 00 00 00 00 00 00 00 00 00 00 80 07 C0 04 C0 00 80 01 80 03 80 03 00 07 40 04 8C 00 F8 00 00 00 00 00 00 00 00 00 00
00 00 00 00 0F 00 1A 00 13 00 07 00 06 00 03 80 00 80 03 80 0E 00 0C 00 00 00 00 00 00 00 00 00 00 00 00 00 00 80 04 80 04 80 00 80 00 C0 00 60 00 60 00 C0 01 80 07 00 00 00 00 00 00 00 00 00
00 00 00 00 04 00 04 40 08 40 18 C0 10 80 10 80 19 80 00 80 00 80 00 80 00 00 00 00 00 00 00 00 00 00 00 00 00 00 02 20 04 20 04 70 0C 60 0C 60 01 40 00 60 00 40 00 40 00 00 00 00 00 00 00 00
00 00 01 80 0E 00 08 00 0C 00 0C 00 08 40 00 60 00 30 08 60 1B C0 00 00 00 00 00 00 00 00 00 00 00 00 00 00 03 C0 06 00 06 00 02 80 06 60 00 30 00 58 04 50 04 F0 03 80 00 00 00 00 00 00 00 00
00 00 06 00 0C 00 0C 00 08 80 09 A0 1B 20 1E 20 1B E0 09 80 0C 00 00 00 00 00 00 00 00 00 00 00 00 00 03 00 07 00 06 00 06 30 04 F8 0D D0 0F 10 0D B0 04 E0 01 C0 00 00 00 00 00 00 00 00 00 00
00 00 00 00 00 00 10 00 10 40 00 40 00 C0 00 80 01 80 03 00 02 00 06 00 04 00 00 00 00 00 00 00 00 00 00 00 00 00 04 22 00 30 00 20 00 70 00 60 00 80 00 80 01 00 01 00 03 00 00 00 00 00 00 00
00 00 00 00 01 E0 07 60 0C C0 19 80 1B 00 0E 00 06 80 04 C0 06 C0 03 00 00 00 00 00 00 00 00 00 00 00 00 00 00 10 01 98 07 F0 0C C0 0F 80 01 80 03 70 03 20 01 40 00 C0 00 00 00 00 00 00 00 00
00 00 00 00 00 00 06 00 0C 00 0D 00 09 80 0E 80 04 80 00 C0 00 60 00 20 00 00 00 00 00 00 00 00 00 00 00 00 00 00 01 00 01 C0 06 C0 04 C0 15 C0 03 60 00 20 00 30 00 10 00 10 00 00 00 00 00 00
00 00 02 00 06 00 07 00 0C 00 08 C0 18 40 18 C0 1B 80 1F 00 0C 00 00 00 00 00 00 00 00 00 00 00 00 00 00 00 00 80 00 D0 01 C0 06 30 0E 30 0C 20 0C 70 00 C0 01 80 03 00 00 80 00 00 00 00 00 00
00 00 00 80 00 80 01 80 01 00 01 00 03 00 02 00 02 00 06 00 04 00 00 00 00 00 00 00 00 00 00 00 00 00 00 00 00 C0 00 C0 00 C0 00 80 00 80 01 80 01 C0 03 00 03 00 01 00 00 00 00 00 00 80 10 00
00 00 0F 00 1D 00 19 00 03 00 06 00 06 40 0C 00 08 10 08 F0 08 00 00 00 00 00 00 00 00 00 00 00 00 00 00 C0 06 80 06 80 01 C0 01 80 03 00 03 80 06 00 00 08 00 FC 00 00 00 00 40 00 40 00 00 00
00 00 00 00 0E 00 1C 00 03 00 06 00 06 00 01 80 00 80 03 00 0E 00 08 00 00 00 00 00 00 00 00 00 00 00 00 00 00 00 04 C0 04 C0 01 C0 00 80 00 40 00 E0 00 C0 01 C0 07 00 04 00 00 00 00 00 00 00
00 00 00 00 04 40 0C 40 08 40 18 C0 10 80 11 80 11 80 00 80 00 80 00 80 00 00 00 00 00 00 00 00 00 00 00 00 02 00 06 A0 04 20 0C 60 08 40 08 40 02 C0 00 C0 00 C0 00 80 00 00 00 00 00 00 00 00
00 00 03 80 0E 00 08 00 0C 00 0C 00 18 80 00 60 00 30 18 60 19 80 00 00 00 00 00 00 00 00 00 00 00 00 00 00 03 80 07 00 04 00 02 00 0C 40 00 20 00 18 00 30 00 F0 01 40 00 00 00 00 00 00 00 00
00 00 06 00 0C 00 08 00 18 C0 1B 80 13 20 16 20 12 E0 1B 80 04 00 00 00 00 00 00 00 00 00 00 00 00 00 03 00 06 00 04 00 04 00 0C B8 09 90 0B 90 0B 38 00 C0 01 C0 00 00 00 00 00 00 00 00 00 00
00 00 00 00 00 00 18 00 00 40 00 C0 00 80 00 80 01 80 03 00 06 00 06 00 04 00 00 00 00 00 00 00 40 00 80 00 00 00 00 00 00 B0 00 70 00 40 00 E0 00 80 00 80 01 80 03 80 03 00 20 00 00 00 00 20
00 00 00 00 01 60 0F 40 18 80 19 80 1B 00 0C 00 04 C0 04 C0 06 80 00 00 00 00 00 00 00 00 00 00 00 00 00 00 00 10 01 B0 07 68 0C C0 01 80 01 80 03 60 03 60 03 40 00 80 00 00 00 00 00 00 00 00
00 00 00 00 02 00 06 00 0C 00 0B 00 0B 00 0E 80 04 80 00 C0 00 40 00 20 00 20 00 00 00 00 00 00 00 00 00 00 00 00 01 00 00 80 04 E0 04 C0 03 C0 02 40 00 60 00 20 00 10 00 00 00 00 00 00 00 00
00 00 03 00 02 00 0E 00 0C 80 18 80 18 80 18 C0 13 80 1E 00 0C 00 00 00 00 00 00 00 00 00 00 00 00 02 00 00 01 81 00 80 01 C0 07 60 0C 30 08 B0 08 60 00 E0 03 C0 01 80 00 00 00 00 00 00 00 00
00 00 00 80 00 80 01 00 01 00 01 00 02 00 02 00 02 00 06 00 04 00 00 00 00 00 00 00 00 00 00 00 20 00 00 00 00 80 00 80 00 81 00 00 01 80 01 80 01 80 03 80 02 00 02 00 00 00 00 00 00 00 00 00
00 00 0E 00 09 00 01 00 03 00 06 00 0C 00 0C 00 18 00 18 80 00 00 00 00 00 00 00 00 00 80 00 00 00 00 00 81 04 80 0C 80 01 80 01 80 02 00 06 00 06 80 04 0E 00 E8 00 00 00 00 00 00 00 00 00 00
00 00 00 00 0E 00 10 00 03 00 04 00 06 00 00 80 01 80 03 00 0E 00 10 00 00 00 00 00 00 00 00 00 00 01 00 00 00 00 04 C0 08 C0 00 80 01 C0 00 C0 00 C0 00 80 03 00 07 80 00 00 00 00 00 00 00 00
00 00 00 00 04 00 0C 40 08 C0 08 80 10 80 11 80 10 80 00 80 01 80 01 80 00 00 00 00 00 00 00 00 00 00 00 00 02 00 06 20 06 60 0C 40 08 40 00 40 05 C0 00 E0 00 E0 00 80 00 00 00 00 00 00 20 00
00 00 03 00 08 00 08 00 08 00 1A 00 00 00 00 00 00 20 10 E0 11 80 00 00 00 00 00 00 00 00 00 00 00 00 00 40 07 C0 04 00 04 00 04 80 06 40 00 30 00 10 00 38 00 78 03 80 00 20 00 80 00 00 00 00
00 00 04 00 08 00 08 00 08 80 1B A0 16 20 14 60 16 40 19 80 00 00 00 00 00 00 00 00 00 00 00 00 00 00 03 00 07 00 06 00 0C 20 0C B0 09 30 0B 20 09 F0 08 90 01 80 00 00 00 00 00 00 00 00 00 00
00 00 00 00 00 00 31 00 00 00 00 C0 00 80 00 80 01 00 03 00 06 00 04 00 00 00 00 00 00 00 00 00 80 00 20 00 00 00 40 00 01 E0 00 60 00 50 00 C0 00 80 01 80 03 00 03 00 03 00 00 00 00 00 00 00
00 00 00 00 00 40 0A 40 18 80 11 80 13 00 00 00 04 80 04 80 06 80 02 00 00 00 00 00 00 80 00 00 80 00 00 00 00 20 01 90 07 C0 1C C0 01 80 00 80 03 C0 02 70 02 60 00 80 00 00 00 00 00 00 00 00
00 00 00 00 06 00 0C 00 08 00 09 00 1B 00 0A 80 00 80 00 00 00 40 00 60 00 00 00 00 00 00 00 00 00 00 00 00 00 00 83 00 05 80 04 80 04 80 03 D0 00 40 00 60 00 20 00 B0 00 00 00 00 00 00 00 00
00 00 00 00 06 00 04 00 08 80 18 C0 10 40 10 C0 11 80 10 00 18 00 00 00 00 00 00 00 00 00 00 00 00 00 00 00 01 80 01 80 03 50 02 68 0E 20 0C 20 08 72 00 00 01 80 02 00 00 00 00 00 20 00 00 00
00 00 00 00 01 80 01 80 01 00 01 00 03 00 02 00 06 00 04 00 04 00 00 00 00 00 00 00 00 00 00 00 00 00 00 00 00 C0 00 80 00 80 00 80 01 00 01 80 03 00 02 00 02 00 00 00 00 00 00 00 00 00 00 00
00 00 08 00 19 00 11 00 02 00 06 00 04 40 08 00 18 00 18 A0 0A 00 00 00 00 00 00 00 00 80 00 00 00 00 01 80 06 80 08 80 00 80 01 00 03 00 06 00 04 00 04 8C 00 40 00 00 08 00 08 00 00 00 00 00
00 00 00 00 08 00 10 00 13 00 06 00 06 00 00 80 00 80 03 00 04 00 18 00 00 00 00 00 00 00 00 00 00 00 00 00 00 00 08 80 00 80 01 80 00 00 00 40 10 D0 00 80 03 40 04 00 00 00 00 00 00 00 00 00
00 00 00 00 04 40 00 40 10 C0 10 80 10 80 10 80 08 80 00 80 01 80 01 00 00 00 00 00 00 00 00 00 00 00 00 00 04 00 04 20 08 00 08 00 08 40 08 90 00 10 00 80 00 80 00 80 00 00 00 00 00 00 00 00
00 00 02 80 1C 00 18 00 08 00 08 00 10 80 00 40 00 20 00 40 10 00 00 00 00 00 00 00 00 00 00 00 00 00 00 00 00 80 04 00 04 00 00 80 00 40 01 30 00 1A 0C 00 08 00 00 00 00 00 00 00 00 00 00 00
00 00 04 00 08 00 08 00 18 00 10 A0 16 60 14 40 10 C0 11 00 08 00 00 00 00 00 00 00 00 00 00 00 08 00 02 00 04 00 04 00 04 10 0C 38 09 10 0A 28 0F 38 00 C0 01 00 00 00 00 00 00 00 00 00 00 00
00 00 00 00 00 00 30 00 14 C0 00 80 00 80 01 00 03 00 02 00 06 00 04 00 0C 00 00 00 00 00 00 00 00 00 00 00 00 00 00 00 00 B0 00 48 00 41 00 80 00 A0 01 00 03 00 03 00 02 00 20 00 00 00 00 00
00 00 00 00 00 40 00 40 19 80 11 00 1A 00 04 00 04 80 04 80 04 80 03 00 00 00 00 00 00 00 00 00 00 00 00 00 00 30 01 20 04 30 08 84 0D 00 01 80 02 40 02 00 02 E0 00 80 00 00 00 00 00 00 00 00
00 00 00 00 00 00 0E 00 08 00 0A 00 1B 00 18 80 0C 80 00 C0 00 40 00 40 00 00 00 00 00 00 00 00 00 00 00 00 00 00 03 00 01 00 00 00 0C 82 03 80 02 E0 00 00 00 00 00 20 02 00 00 00 00 00 00 00
00 00 02 00 02 00 00 00 0C 00 08 80 18 80 10 80 10 00 10 00 0C 00 00 00 00 00 00 00 00 80 00 00 00 00 00 00 01 81 01 81 00 80 04 40 04 20 0A 20 0C 40 08 C0 03 00 00 00 00 00 00 00 00 00 00 00
00 00 00 00 00 80 01 00 01 00 00 00 00 00 00 00 06 00 04 00 04 00 00 00 00 00 00 00 00 80 00 00 00 00 00 00 00 00 00 00 80 80 00 80 01 00 01 00 02 00 02 00 02 00 00 00 00 00 00 00 00 00 00 00
00 00 04 00 19 00 13 00 02 00 00 00 04 00 0C 00 10 00 18 00 01 00 00 00 00 00 00 00 00 00 00 00 00 10 40 80 00 80 00 00 01 80 03 00 02 00 02 00 06 00 00 08 00 80 00 40 00 00 00 00 00 00 00 00
00 00 00 00 00 00 10 00 02 00 00 00 02 00 01 80 01 80 00 00 08 00 08 00 00 00 00 00 00 00 00 00 00 00 00 00 80 00 01 80 08 00 00 80 01 80 00 C0 00 C0 00 80 00 00 00 80 00 00 00 40 00 00 00 00
00 00 00 00 00 00 08 80 08 00 10 00 10 80 10 80 11 80 00 00 01 80 00 00 00 00 00 00 00 00 00 00 00 00 00 00 00 00 00 00 04 60 08 40 08 40 08 40 05 C0 00 00 00 00 00 00 00 00 00 00 00 00 00 00
00 00 00 00 00 00 00 00 08 00 10 00 00 80 00 40 00 20 00 20 08 00 00 00 00 00 00 00 00 00 00 00 00 00 00 00 00 00 00 00 04 00 05 80 08 C1 00 00 00 10 00 00 04 20 00 80 00 00 00 00 00 00 00 00
00 00 04 00 00 00 08 00 18 00 11 00 00 20 10 20 06 40 18 00 08 00 00 00 00 00 00 00 00 00 00 00 00 00 00 00 04 00 00 00 08 01 08 22 0B 20 0A 20 03 20 0C 00 00 00 00 80 00 00 00 00 00 00 00 00
00 00 00 00 00 00 00 00 04 00 00 00 00 00 00 80 01 00 02 00 00 00 04 00 04 00 00 00 00 00 00 00 00 00 00 00 00 00 00 00 00 40 00 40 00 80 00 80 00 80 01 00 08 00 02 00 00 00 00 00 00 00 00 00
00 00 00 00 00 00 00 80 10 80 10 00 12 00 18 00 04 80 04 80 04 80 00 00 00 00 00 00 00 00 00 00 00 00 00 01 00 10 00 30 04 01 08 00 05 00 01 80 02 C0 00 40 02 C0 00 00 00 00 00 00 00 00 00 00
00 00 00 00 00 00 00 00 08 00 09 00 01 00 09 00 00 80 00 80 00 40 00 20 00 00 00 00 00 00 00 00 00 00 00 00 20 00 02 00 01 80 0C 80 00 80 00 80 03 C0 00 40 00 30 00 20 00 00 00 00 00 00 00 00
00 00 00 00 02 00 00 00 08 80 00 00 10 00 10 00 00 00 00 00 08 00 04 00 00 00 00 00 00 00 00 00 00 00 00 02 00 01 00 80 00 01 02 00 00 00 00 00 00 40 00 00 00 00 00 00 00 00 00 00 00 00 20 00
00 00 00 00 00 00 00 00 00 00 02 00 00 00 10 00 04 00 04 00 00 00 00 00 00 00 00 00 00 80 00 00 00 00 00 02 00 00 00 80 00 00 00 00 09 40 00 00 01 00 01 00 00 00 00 00 00 00 00 00 00 00 00 00
00 00 00 00 10 00 00 00 01 00 00 00 00 00 00 00 00 00 10 00 10 00 00 00 00 00 00 00 00 00 00 00 00 00 00 00 00 00 00 00 00 00 18 00 00 80 00 00 02 00 00 00 00 00 00 00 00 00 00 00 00 00 00 00
00 00 00 00 00 00 02 00 11 00 00 00 04 00 01 80 00 00 00 00 00 00 00 00 00 00 00 00 00 00 00 00 00 00 80 00 00 00 00 80 00 00 00 00 00 00 00 00 00 00 00 00 00 00 00 80 00 00 00 00 00 00 00 00
00 00 00 00 00 00 00 00 00 00 00 00 00 80 00 00 10 00 01 00 00 00 00 00 00 00 00 00 00 00 00 00 00 04 00 00 00 00 04 40 00 40 00 00 00 00 00 80 00 40 00 80 00 80 00 00 00 00 00 00 00 00 00 00
00 00 00 00 01 00 08 00 00 00 08 00 01 80 00 00 00 60 00 00 10 00 08 00 00 00 00 00 00 00 00 00 00 00 81 80 00 10 00 00 02 00 02 80 00 60 00 00 00 80 00 00 04 00 00 00 00 00 00 00 00 00 00 00
00 00 00 00 08 00 00 00 00 00 10 00 00 00 00 00 10 00 00 00 04 00 00 00 00 00 00 00 00 00 00 00 00 00 00 00 00 00 00 00 00 00 00 20 08 00 18 00 08 20 04 00 00 00 00 00 00 00 00 00 00 00 00 00
00 00 00 00 00 00 00 00 28 00 00 00 00 80 01 00 00 00 00 00 00 00 00 00 00 00 00 00 00 00 00 00 00 00 00 00 00 00 00 00 00 00 10 00 00 00 00 00 00 80 01 00 00 00 00 00 00 00 00 00 00 00 00 00
00 00 00 00 00 00 00 00 00 00 10 00 00 00 00 00 00 80 00 00 00 00 02 00 00 00 00 00 00 00 00 00 00 04 00 06 00 00 00 10 00 00 00 00 01 00 01 80 00 40 02 00 02 00 00 00 00 00 80 00 00 00 00 04
00 00 00 00 00 00 00 00 08 00 00 00 00 00 08 00 00 80 00 80 00 40 00 00 00 00 00 00 00 00 00 00 80 00 00 00 02 00 01 00 01 00 00 80 00 80 10 80 02 00 00 60 00 20 00 30 00 00 00 00 00 00 80 00
